50.001158	949.998490	
50.001834	949.997478	
50.003608	949.996088	
50.008492	949.991204	
52.049988	947.949708	
52.054872	947.944824	
57.619513	942.380183	
57.624397	942.375299	
61.341289	938.658407	
61.346173	938.653523	
64.377409	935.622287	
64.382293	935.617403	
68.081283	931.918413	
68.086167	931.913529	
70.173434	929.826262	
70.178318	929.821378	
74.453045	925.546651	
74.457929	925.541767	
77.263839	922.735857	
77.268723	922.730973	
83.309522	916.690174	
83.314406	916.685290	
87.083159	912.916537	
87.088043	912.911653	
92.144882	907.854814	
92.149766	907.849930	
94.807375	905.192321	
94.812259	905.187437	
99.704840	900.294856	
99.709724	900.289972	
105.362371	894.637325	
105.367255	894.632441	
110.644449	889.355247	
110.649333	889.350363	
114.049513	885.950183	
114.054397	885.945299	
119.110450	880.889246	
119.115334	880.884362	
121.423037	878.576659	
121.427921	878.571775	
126.871225	873.128471	
126.876109	873.123587	
130.729035	869.270661	
130.733919	869.265777	
136.648273	863.351423	
136.653157	863.346539	
141.685242	858.314454	
141.690126	858.309570	
144.395984	855.603712	
144.400868	855.598828	
147.125981	852.873715	
147.130865	852.868831	
150.052167	849.947529	
150.057051	849.942645	
153.709121	846.290575	
153.714005	846.285691	
159.268679	840.731017	
159.273563	840.726133	
161.968574	838.031122	
161.973458	838.026238	
164.049154	835.950542	
164.054038	835.945658	
166.260199	833.739497	
166.265083	833.734613	
169.763238	830.236458	
169.768122	830.231574	
172.345602	827.654094	
172.350486	827.649210	
177.576115	822.423581	
177.580999	822.418697	
183.129831	816.869865	
183.134715	816.864981	
187.115186	812.884510	
187.120070	812.879626	
190.510524	809.489172	
190.515408	809.484288	
193.954182	806.045514	
193.959066	806.040630	
196.270923	803.728773	
196.275807	803.723889	
200.778843	799.220853	
200.783727	799.215969	
205.206179	794.793517	
205.211063	794.788633	
209.240010	790.759686	
209.244894	790.754802	
212.531641	787.468055	
212.536525	787.463171	
217.844751	782.154945	
217.849635	782.150061	
221.779168	778.220528	
221.784052	778.215644	
227.117563	772.882133	
227.122447	772.877249	
229.799263	770.200433	
229.804147	770.195549	
235.214555	764.785141	
235.219439	764.780257	
238.362855	761.636841	
238.367739	761.631957	
243.359217	756.640479	
243.364101	756.635595	
247.234258	752.765438	
247.239142	752.760554	
249.456064	750.543632	
249.460948	750.538748	
253.225460	746.774236	
253.230344	746.769352	
258.517597	741.482099	
258.522481	741.477215	
264.066858	735.932838	
264.071742	735.927954	
268.381262	731.618434	
268.386146	731.613550	
274.415689	725.584007	
274.420573	725.579123	
277.332872	722.666824	
277.337756	722.661940	
283.088216	716.911480	
283.093100	716.906596	
288.376556	711.623140	
288.381440	711.618256	
291.330964	708.668732	
291.335848	708.663848	
296.981948	703.017748	
296.986832	703.012864	
301.485870	698.513826	
301.490754	698.508942	
307.511051	692.488645	
307.515935	692.483761	
312.942493	687.057203	
312.947377	687.052319	
316.917377	683.082319	
316.922261	683.077435	
320.229576	679.770120	
320.234460	679.765236	
324.257823	675.741873	
324.262707	675.736989	
328.711576	671.288120	
328.716460	671.283236	
331.075585	668.924111	
331.080469	668.919227	
333.511740	666.487956	
333.516624	666.483072	
336.437242	663.562454	
336.442126	663.557570	
339.649081	660.350615	
339.653965	660.345731	
341.894375	658.105321	
341.899259	658.100437	
346.501625	653.498071	
346.506509	653.493187	
349.263501	650.736195	
349.268385	650.731311	
354.314392	645.685304	
354.319276	645.680420	
359.459227	640.540469	
359.464111	640.535585	
365.472989	634.526707	
365.477873	634.521823	
369.661716	630.337980	
369.666600	630.333096	
373.331889	626.667807	
373.336773	626.662923	
378.104124	621.895572	
378.109008	621.890688	
383.060700	616.938996	
383.065584	616.934112	
388.298819	611.700877	
388.303703	611.695993	
392.205469	607.794227	
392.210353	607.789343	
395.168711	604.830985	
395.173595	604.826101	
399.837975	600.161721	
399.842859	600.156837	
404.067165	595.932531	
404.072049	595.927647	
409.519456	590.480240	
409.524340	590.475356	
414.991553	585.008143	
414.996437	585.003259	
419.322051	580.677645	
419.326935	580.672761	
422.861288	577.138408	
422.866172	577.133524	
426.362726	573.636970	
426.367610	573.632086	
428.501488	571.498208	
428.506372	571.493324	
432.912515	567.087181	
432.917399	567.082297	
437.948692	562.051004	
437.953576	562.046120	
443.587400	556.412296	
443.592284	556.407412	
446.085927	553.913769	
446.090811	553.908885	
449.351314	550.648382	
449.356198	550.643498	
454.757891	545.241805	
454.762775	545.236921	
460.581820	539.417876	
460.586704	539.412992	
464.629881	535.369815	
464.634765	535.364931	
470.742937	529.256759	
470.747821	529.251875	
472.812182	527.187514	
472.817066	527.182630	
476.641296	523.358400	
476.646180	523.353516	
482.470851	517.528845	
482.475735	517.523961	
486.794534	513.205162	
486.799418	513.200278	
491.510716	508.488980	
491.515600	508.484096	
494.650039	505.349657	
494.654923	505.344773	
497.936193	502.063503	
497.941077	502.058619	
500.888335	499.111361	
500.893219	499.106477	
503.595945	496.403751	
503.600829	496.398867	
508.851960	491.147736	
508.856844	491.142852	
512.179313	487.820383	
512.184197	487.815499	
517.951885	482.047811	
517.956769	482.042927	
522.486103	477.513593	
522.490987	477.508709	
524.999315	475.000381	
525.004199	474.995497	
530.387831	469.611865	
530.392715	469.606981	
535.034669	464.965027	
535.039553	464.960143	
537.889211	462.110485	
537.894095	462.105601	
540.858795	459.140901	
540.863679	459.136017	
545.903882	454.095814	
545.908766	454.090930	
550.860037	449.139659	
550.864921	449.134775	
554.668737	445.330959	
554.673621	445.326075	
559.165961	440.833735	
559.170845	440.828851	
563.638562	436.361134	
563.643446	436.356250	
566.052726	433.946970	
566.057610	433.942086	
571.802441	428.197255	
571.807325	428.192371	
576.969339	423.030357	
576.974223	423.025473	
582.815768	417.183928	
582.820652	417.179044	
588.437676	411.562020	
588.442560	411.557136	
593.587667	406.412029	
593.592551	406.407145	
598.888626	401.111070	
598.893510	401.106186	
603.846861	396.152835	
603.851745	396.147951	
609.522847	390.476849	
609.527731	390.471965	
613.665278	386.334418	
613.670162	386.329534	
618.092342	381.907354	
618.097226	381.902470	
623.446651	376.553045	
623.451535	376.548161	
626.069007	373.930689	
626.073891	373.925805	
630.098389	369.901307	
630.103273	369.896423	
635.454590	364.545106	
635.459474	364.540222	
641.437844	358.561852	
641.442728	358.556968	
644.112383	355.887313	
644.117267	355.882429	
647.515319	352.484377	
647.520203	352.479493	
