17.208000	982.789000	
20.072000	979.925000	
33.102200	966.896800	
34.392000	966.894510	
34.420000	966.863510	
34.535200	966.750310	
35.825000	966.748020	
35.968200	966.603820	
37.258000	966.601531	
37.401200	966.457331	
38.691000	966.455041	
38.834200	966.310841	
40.124000	966.308551	
40.267200	966.164351	
41.000000	966.163618	
41.557000	966.162061	
41.700200	966.017861	
42.990000	966.015571	
43.133200	965.871371	
44.423000	965.869082	
44.566200	965.724882	
45.856000	965.722592	
45.999200	965.578392	
47.289000	965.576102	
47.432200	965.431902	
48.722000	965.429612	
48.759000	965.389612	
48.865200	965.285412	
50.155000	965.283122	
50.298200	965.138922	
51.000000	965.138221	
51.588000	965.136633	
51.655200	965.058433	
51.677200	965.004433	
53.113200	963.600433	
53.167200	963.546433	
54.569200	962.144433	
54.623200	962.090433	
56.030200	960.693433	
57.320000	960.691143	
57.448200	960.551943	
57.502200	960.497943	
58.896200	959.113943	
60.186000	959.111653	
60.329200	958.967453	
61.000000	958.966782	
61.619000	958.965163	
61.762200	958.820963	
63.052000	958.818673	
63.065000	958.802673	
63.164200	958.695473	
63.218200	958.641473	
64.579200	957.280473	
64.633200	957.226473	
66.061200	955.808473	
67.351000	955.806184	
67.494200	955.661984	
68.784000	955.659694	
68.927200	955.515494	
70.217000	955.513204	
70.312200	955.407004	
70.366200	955.353004	
71.766200	953.953004	
71.820200	953.899004	
73.226200	952.503004	
74.516000	952.500714	
74.648200	952.357514	
74.702200	952.303514	
76.092200	950.923514	
77.382000	950.921224	
77.422000	950.878224	
77.461200	950.831024	
77.515200	950.777024	
78.958200	949.344024	
80.248000	949.341735	
80.391200	949.197535	
81.000000	949.196926	
81.681000	949.195245	
81.824200	949.051045	
83.114000	949.048755	
83.232200	948.919555	
83.286200	948.865555	
84.690200	947.471555	
85.980000	947.469265	
86.123200	947.325065	
87.413000	947.322775	
87.500200	947.224575	
87.554200	947.170575	
88.989200	945.745575	
90.279000	945.743286	
90.361200	945.650086	
90.415200	945.596086	
91.747000	944.272286	
91.855200	944.166086	
93.145000	944.163796	
93.249200	944.048596	
93.303200	943.994596	
94.721200	942.586596	
96.011000	942.584306	
96.154200	942.440106	
97.444000	942.437816	
97.562200	942.308616	
97.616200	942.254616	
99.020200	940.860616	
100.310000	940.858326	
100.453200	940.714126	
101.000000	940.713580	
101.743000	940.711837	
101.825200	940.618637	
101.879200	940.564637	
103.319200	939.134637	
104.609000	939.132347	
104.752200	938.988147	
106.042000	938.985857	
106.079000	938.945857	
106.174200	938.842657	
106.228200	938.788657	
107.567200	937.449657	
107.621200	937.395657	
109.051200	935.975657	
110.341000	935.973367	
110.484200	935.829167	
111.000000	935.828651	
111.774000	935.826877	
111.867200	935.722677	
111.921200	935.668677	
113.350200	934.249677	
114.640000	934.247388	
114.765200	934.111188	
114.819200	934.057188	
116.216200	932.670188	
117.506000	932.667898	
117.649200	932.523698	
118.939000	932.521408	
119.082200	932.377208	
120.372000	932.374918	
120.389000	932.354918	
120.504200	932.231718	
120.558200	932.177718	
121.948200	930.797718	
123.238000	930.795428	
123.381200	930.651228	
124.671000	930.648939	
124.780200	930.528739	
124.834200	930.474739	
126.247200	929.071739	
127.537000	929.069449	
127.680200	928.925249	
128.970000	928.922959	
129.113200	928.778759	
130.403000	928.776469	
130.501200	928.667269	
130.555200	928.613269	
131.979200	927.199269	
133.269000	927.196979	
133.412200	927.052779	
134.702000	927.050490	
134.731000	927.018490	
134.813200	926.928290	
134.867200	926.874290	
136.278200	925.473290	
137.568000	925.471000	
137.692200	925.335800	
137.746200	925.281800	
139.144200	923.893800	
140.434000	923.891510	
140.577200	923.747310	
141.000000	923.746887	
141.867000	923.745020	
141.998200	923.602820	
142.052200	923.548820	
143.443200	922.167820	
144.733000	922.165530	
144.876200	922.021330	
146.166000	922.019041	
146.271200	921.902841	
146.325200	921.848841	
147.742200	920.441841	
149.032000	920.439551	
149.050000	920.418551	
149.175200	920.295351	
150.465000	920.293061	
150.608200	920.148861	
151.000000	920.148469	
151.898000	920.146571	
152.033200	920.000371	
152.087200	919.946371	
153.474200	918.569371	
154.764000	918.567081	
154.907200	918.422881	
156.197000	918.420592	
156.340200	918.276392	
157.630000	918.274102	
157.710200	918.182902	
157.764200	918.128902	
159.158200	916.734902	
159.212200	916.680902	
160.639200	915.263902	
161.000000	915.263541	
161.929000	915.261612	
162.041200	915.138412	
162.095200	915.084412	
163.383000	913.804612	
163.505200	913.684412	
164.795000	913.682122	
164.938200	913.537922	
166.228000	913.535632	
166.321200	913.431432	
166.375200	913.377432	
167.804200	911.958432	
169.094000	911.956143	
169.237200	911.811943	
170.527000	911.809653	
170.660200	911.665453	
170.714200	911.611453	
172.103200	910.232453	
173.393000	910.230163	
173.536200	910.085963	
174.826000	910.083673	
174.969200	909.939473	
176.259000	909.937183	
176.391200	909.793983	
176.445200	909.739983	
177.722000	908.471183	
177.835200	908.359983	
179.125000	908.357694	
179.268200	908.213494	
180.558000	908.211204	
180.671200	908.087004	
180.725200	908.033004	
182.134200	906.634004	
183.424000	906.631714	
183.567200	906.487514	
184.857000	906.485224	
185.000200	906.341024	
186.290000	906.338734	
186.417200	906.200534	
186.471200	906.146534	
187.866200	904.761534	
189.156000	904.759245	
189.299200	904.615045	
190.589000	904.612755	
190.711200	904.479555	
190.765200	904.425555	
192.059000	903.139755	
192.110200	903.080555	
192.164200	903.026555	
193.598200	901.602555	
194.888000	901.600265	
195.031200	901.456065	
196.321000	901.453775	
196.464200	901.309575	
197.754000	901.307285	
197.865200	901.185085	
197.919200	901.131085	
199.330200	899.730085	
200.620000	899.727796	
200.719200	899.617596	
200.773200	899.563596	
202.196200	898.150596	
203.486000	898.148306	
203.567200	898.056106	
203.621200	898.002106	
205.062200	896.571106	
206.352000	896.568816	
206.368000	896.549816	
206.490200	896.419616	
206.544200	896.365616	
207.928200	894.991616	
209.218000	894.989326	
209.361200	894.845126	
210.651000	894.842836	
210.757200	894.725636	
210.811200	894.671636	
212.227200	893.265636	
213.517000	893.263347	
213.633200	893.136147	
213.687200	893.082147	
215.093200	891.686147	
216.383000	891.683857	
216.526200	891.539657	
217.816000	891.537367	
217.944200	891.398167	
217.998200	891.344167	
219.392200	889.960167	
220.682000	889.957877	
220.719000	889.917877	
220.781200	889.847677	
220.835200	889.793677	
222.258200	888.380677	
223.548000	888.378387	
223.691200	888.234187	
224.981000	888.231898	
225.064200	888.137698	
225.118200	888.083698	
226.557200	886.654698	
227.847000	886.652408	
227.990200	886.508208	
229.280000	886.505918	
229.423200	886.361718	
230.713000	886.359428	
230.797200	886.264228	
230.851200	886.210228	
232.289200	884.782228	
233.579000	884.779938	
233.657200	884.690738	
233.711200	884.636738	
235.036000	883.319938	
235.155200	883.202738	
236.445000	883.200449	
236.588200	883.056249	
237.878000	883.053959	
238.008200	882.912759	
238.062200	882.858759	
239.454200	881.476759	
240.744000	881.474469	
240.887200	881.330269	
241.000000	881.330156	
242.177000	881.327979	
242.288200	881.205779	
242.342200	881.151779	
243.707200	879.786779	
243.761200	879.732779	
245.186200	878.317779	
246.476000	878.315489	
246.597200	878.183289	
246.651200	878.129289	
248.052200	876.738289	
249.342000	876.736000	
249.380000	876.695000	
249.485200	876.591800	
250.775000	876.589510	
250.918200	876.445310	
251.000000	876.445228	
252.208000	876.443020	
252.313200	876.326820	
252.367200	876.272820	
253.784200	874.865820	
255.074000	874.863530	
255.217200	874.719330	
256.507000	874.717040	
256.650200	874.572840	
257.940000	874.570551	
258.078200	874.421351	
258.132200	874.367351	
259.516200	872.993351	
260.806000	872.991061	
260.938200	872.847861	
260.992200	872.793861	
262.382200	871.413861	
263.672000	871.411571	
263.709000	871.371571	
263.815200	871.267371	
265.105000	871.265081	
265.248200	871.120881	
266.538000	871.118591	
266.652200	870.993391	
266.706200	870.939391	
268.114200	869.541391	
269.404000	869.539102	
269.527200	869.404902	
269.581200	869.350902	
270.980200	867.961902	
271.000000	867.961882	
272.270000	867.959612	
272.391200	867.827412	
272.445200	867.773412	
273.846200	866.382412	
275.136000	866.380122	
275.279200	866.235922	
276.569000	866.233632	
276.707200	866.084432	
276.761200	866.030432	
278.041000	864.758632	
278.145200	864.656432	
279.435000	864.654142	
279.542200	864.535942	
279.596200	864.481942	
281.011200	863.076942	
282.301000	863.074653	
282.444200	862.930453	
283.734000	862.928163	
283.877200	862.783963	
285.167000	862.781673	
285.274200	862.663473	
285.328200	862.609473	
286.743200	861.204473	
288.033000	861.202183	
288.147200	861.076983	
288.201200	861.022983	
289.609200	859.624983	
290.899000	859.622693	
291.042200	859.478493	
292.332000	859.476204	
292.365000	859.440204	
292.475200	859.332004	
293.765000	859.329714	
293.888200	859.195514	
293.942200	859.141514	
295.341200	857.752514	
296.631000	857.750224	
296.774200	857.606024	
298.064000	857.603734	
298.152200	857.504534	
298.206200	857.450534	
299.640200	856.026534	
300.930000	856.024244	
301.073200	855.880044	
302.363000	855.877755	
302.471200	855.758555	
302.525200	855.704555	
303.939200	854.300555	
305.229000	854.298265	
305.372200	854.154065	
306.662000	854.151775	
306.686000	854.124775	
306.805200	854.007575	
308.095000	854.005285	
308.214200	853.875085	
308.268200	853.821085	
309.671200	852.428085	
310.961000	852.425795	
311.104200	852.281595	
312.394000	852.279306	
312.520200	852.142106	
312.574200	852.088106	
313.970200	850.702106	
315.260000	850.699816	
315.403200	850.555616	
316.693000	850.553326	
316.836200	850.409126	
318.126000	850.406836	
318.206200	850.315636	
318.260200	850.261636	
319.702200	848.829636	
320.992000	848.827346	
321.020000	848.796346	
321.135200	848.683146	
322.425000	848.680857	
322.522200	848.572657	
322.576200	848.518657	
324.001200	847.103657	
325.291000	847.101367	
325.428200	846.953167	
325.482200	846.899167	
326.867200	845.524167	
328.157000	845.521877	
328.300200	845.377677	
329.590000	845.375387	
329.686200	845.268187	
329.740200	845.214187	
331.166200	843.798187	
332.456000	843.795897	
332.547200	843.693697	
332.601200	843.639697	
335.337000	840.911897	
335.448200	840.792697	
335.502200	840.738697	
339.725200	836.515697	
339.779200	836.461697	
342.622200	833.618697	
342.676200	833.564697	
345.470200	830.770697	
345.524200	830.716697	
348.319200	827.921697	
348.373200	827.867697	
349.682000	826.566897	
349.795200	826.455697	
351.000000	826.454493	
351.085000	826.453408	
351.190200	826.337208	
351.244200	826.283208	
352.661200	824.876208	
353.951000	824.873918	
354.094200	824.729718	
355.384000	824.727428	
355.470200	824.630228	
355.524200	824.576228	
356.960200	823.150228	
358.250000	823.147938	
358.393200	823.003738	
359.683000	823.001448	
359.826200	822.857248	
361.000000	822.856075	
361.116000	822.854959	
361.254200	822.705759	
361.308200	822.651759	
362.692200	821.277759	
363.982000	821.275469	
363.993000	821.261469	
364.125200	821.131269	
365.415000	821.128979	
365.558200	820.984779	
366.848000	820.982489	
366.952200	820.867289	
367.006200	820.813289	
368.424200	819.405289	
369.714000	819.402999	
369.852200	819.253799	
369.906200	819.199799	
371.290200	817.825799	
372.580000	817.823510	
372.672200	817.720310	
372.726200	817.666310	
374.156200	816.246310	
375.446000	816.244020	
375.589200	816.099820	
376.879000	816.097530	
376.999200	815.966330	
377.053200	815.912330	
378.325000	814.648530	
378.455200	814.520330	
379.745000	814.518040	
379.888200	814.373840	
381.000000	814.372728	
381.178000	814.371550	
381.266200	814.272350	
381.320200	814.218350	
382.754200	812.794350	
384.044000	812.792061	
384.187200	812.647861	
385.477000	812.645571	
385.566200	812.545371	
385.620200	812.491371	
387.053200	811.068371	
388.343000	811.066081	
388.486200	810.921881	
389.776000	810.919591	
389.867200	810.817391	
389.921200	810.763391	
391.352200	809.342391	
392.642000	809.340101	
392.657000	809.322101	
392.785200	809.195901	
394.075000	809.193612	
394.218200	809.049412	
395.508000	809.047122	
395.615200	808.928922	
395.669200	808.874922	
397.084200	807.469922	
398.374000	807.467632	
398.517200	807.323432	
399.807000	807.321142	
399.950200	807.176942	
401.000000	807.175892	
401.240000	807.174652	
401.322200	807.081452	
401.376200	807.027452	
402.816200	805.597452	
404.106000	805.595163	
404.210200	805.479963	
404.264200	805.425963	
405.682200	804.017963	
406.972000	804.015673	
406.986000	803.998673	
407.115200	803.871473	
408.405000	803.869183	
408.548200	803.724983	
409.838000	803.722693	
409.934200	803.615493	
409.988200	803.561493	
411.414200	802.145493	
412.704000	802.143203	
412.809200	802.027003	
412.863200	801.973003	
414.280200	800.566003	
415.570000	800.563714	
415.713200	800.419514	
417.003000	800.417224	
417.124200	800.285024	
417.178200	800.231024	
418.579200	798.840024	
419.869000	798.837734	
420.012200	798.693534	
421.000000	798.692546	
421.302000	798.691244	
421.335000	798.655244	
421.445200	798.547044	
422.735000	798.544754	
422.857200	798.411554	
422.911200	798.357554	
424.252200	797.016554	
424.306200	796.962554	
425.744200	795.534554	
427.034000	795.532265	
427.128200	795.427065	
427.182200	795.373065	
428.610200	793.955065	
429.900000	793.952775	
430.043200	793.808575	
431.000000	793.807618	
431.333000	793.806285	
431.413200	793.715085	
431.467200	793.661085	
432.909200	792.229085	
434.199000	792.226795	
434.342200	792.082595	
435.632000	792.080305	
435.660000	792.049305	
435.775200	791.936105	
437.065000	791.933816	
437.151200	791.836616	
437.205200	791.782616	
438.641200	790.356616	
439.931000	790.354326	
440.014200	790.260126	
440.068200	790.206126	
441.507200	788.777126	
442.797000	788.774836	
442.940200	788.630636	
444.230000	788.628346	
444.339200	788.508146	
444.393200	788.454146	
445.806200	787.051146	
447.096000	787.048856	
447.239200	786.904656	
448.529000	786.902367	
448.621200	786.799167	
448.675200	786.745167	
449.989000	785.439367	
450.105200	785.325167	
451.000000	785.324272	
451.395000	785.322877	
451.518200	785.188677	
451.572200	785.134677	
452.971200	783.745677	
454.261000	783.743387	
454.404200	783.599187	
455.694000	783.596897	
455.837200	783.452697	
457.127000	783.450407	
457.262200	783.304207	
457.316200	783.250207	
458.703200	781.873207	
459.993000	781.870918	
460.087200	781.765718	
460.141200	781.711718	
461.569200	780.293718	
462.859000	780.291428	
463.002200	780.147228	
464.292000	780.144938	
464.310000	780.123938	
464.375200	780.050738	
464.429200	779.996738	
465.868200	778.567738	
467.158000	778.565448	
467.301200	778.421248	
468.591000	778.418958	
468.734200	778.274758	
470.024000	778.272469	
470.141200	778.144269	
470.195200	778.090269	
471.600200	776.695269	
472.890000	776.692979	
473.033200	776.548779	
474.323000	776.546489	
474.466200	776.402289	
475.756000	776.399999	
475.865200	776.279799	
475.919200	776.225799	
477.332200	774.822799	
478.622000	774.820509	
478.661000	774.778509	
478.765200	774.676309	
480.055000	774.674020	
480.148200	774.569820	
480.202200	774.515820	
481.566200	773.151820	
481.620200	773.097820	
483.064200	771.663820	
484.354000	771.661530	
484.497200	771.517330	
485.787000	771.515040	
485.868200	771.422840	
485.922200	771.368840	
487.363200	769.937840	
488.653000	769.935550	
488.796200	769.791350	
490.086000	769.789060	
490.196200	769.667860	
490.250200	769.613860	
491.662200	768.211860	
492.952000	768.209571	
492.962000	768.196571	
493.081200	768.069371	
493.135200	768.015371	
494.528200	766.632371	
495.818000	766.630081	
495.946200	766.490881	
496.000200	766.436881	
497.370200	765.066881	
497.424200	765.012881	
498.827200	763.619881	
500.117000	763.617591	
500.254200	763.469391	
500.308200	763.415391	
501.693200	762.040391	
502.983000	762.038101	
503.126200	761.893901	
504.416000	761.891611	
504.559200	761.747411	
505.849000	761.745122	
505.981200	761.601922	
506.035200	761.547922	
507.304000	760.287122	
507.395200	760.187922	
507.449200	760.133922	
508.858200	758.734922	
510.148000	758.732632	
510.291200	758.588432	
511.000000	758.587723	
511.581000	758.586142	
511.724200	758.441942	
513.014000	758.439652	
513.116200	758.326452	
513.170200	758.272452	
514.590200	756.862452	
515.880000	756.860162	
516.023200	756.715962	
517.313000	756.713673	
517.444200	756.571473	
517.498200	756.517473	
518.839200	755.176473	
518.893200	755.122473	
520.322200	753.703473	
521.000000	753.702795	
521.612000	753.701183	
521.650000	753.660183	
521.696200	753.605983	
521.750200	753.551983	
523.188200	752.123983	
524.478000	752.121693	
524.557200	752.031493	
524.611200	751.977493	
526.054200	750.544493	
527.344000	750.542203	
527.487200	750.398003	
528.777000	750.395713	
528.871200	750.290513	
528.925200	750.236513	
530.353200	748.818513	
531.000000	748.817867	
531.643000	748.816224	
531.776200	748.672024	
531.830200	748.618024	
533.219200	747.239024	
534.509000	747.236734	
534.590200	747.144534	
534.644200	747.090534	
535.981000	745.761734	
536.085200	745.659534	
537.375000	745.657244	
537.518200	745.513044	
538.808000	745.510754	
538.886200	745.421554	
538.940200	745.367554	
538.951200	745.366554	
540.241000	745.364264	
540.384200	745.220064	
541.000000	745.219449	
541.674000	745.217775	
541.768200	745.112575	
541.822200	745.058575	
543.250200	743.640575	
544.540000	743.638285	
544.683200	743.494085	
545.973000	743.491795	
546.099200	743.354595	
546.153200	743.300595	
547.549200	741.914595	
548.839000	741.912305	
548.931200	741.809105	
548.985200	741.755105	
550.301000	740.447305	
550.415200	740.335105	
551.000000	740.334520	
551.705000	740.332815	
551.848200	740.188615	
553.138000	740.186326	
553.281200	740.042126	
554.571000	740.039836	
554.692200	739.907636	
554.746200	739.853636	
556.147200	738.462636	
557.437000	738.460346	
557.580200	738.316146	
558.870000	738.313856	
558.955200	738.217656	
559.009200	738.163656	
560.446200	736.736656	
561.000000	736.736102	
561.736000	736.734366	
561.830200	736.629166	
561.884200	736.575166	
563.312200	735.157166	
564.602000	735.154877	
564.640000	735.113877	
564.683200	735.062677	
564.737200	735.008677	
566.178200	733.577677	
567.468000	733.575387	
567.611200	733.431187	
568.901000	733.428897	
569.011200	733.307697	
569.065200	733.253697	
570.477200	731.851697	
571.000000	731.851174	
571.767000	731.849407	
571.910200	731.705207	
573.200000	731.702917	
573.343200	731.558717	
574.633000	731.556428	
574.760200	731.418228	
574.814200	731.364228	
576.209200	729.979228	
577.499000	729.976938	
577.642200	729.832738	
578.932000	729.830448	
578.950000	729.809448	
579.013200	729.738248	
579.067200	729.684248	
580.508200	728.253248	
581.000000	728.252756	
581.798000	728.250958	
581.922200	728.115758	
581.976200	728.061758	
583.374200	726.673758	
584.664000	726.671468	
584.783200	726.541268	
584.837200	726.487268	
586.240200	725.094268	
587.530000	725.091979	
587.673200	724.947779	
588.963000	724.945489	
589.065200	724.832289	
589.119200	724.778289	
590.539200	723.368289	
591.000000	723.367828	
591.829000	723.365999	
591.972200	723.221799	
593.262000	723.219509	
593.288000	723.190509	
593.393200	723.077309	
593.447200	723.023309	
594.838200	721.642309	
596.128000	721.640019	
596.206200	721.550819	
596.260200	721.496819	
596.271200	721.495819	
597.561000	721.493530	
597.704200	721.349330	
598.994000	721.347040	
599.137200	721.202840	
600.427000	721.200550	
600.519200	721.097350	
600.573200	721.043350	
602.003200	719.623350	
603.293000	719.621060	
603.436200	719.476860	
604.726000	719.474570	
604.869200	719.330370	
606.159000	719.328081	
606.302200	719.183881	
607.592000	719.181591	
607.614000	719.156591	
607.697200	719.065391	
607.751200	719.011391	
609.153200	717.609391	
609.207200	717.555391	
610.601200	716.171391	
611.000000	716.170992	
611.891000	716.169101	
612.034200	716.024901	
613.324000	716.022611	
613.443200	715.892411	
613.497200	715.838411	
614.900200	714.445411	
616.190000	714.443121	
616.333200	714.298921	
617.623000	714.296632	
617.766200	714.152432	
619.056000	714.150142	
619.133200	714.061942	
619.187200	714.007942	
619.199200	714.005942	
620.489000	714.003652	
620.632200	713.859452	
621.000000	713.859084	
621.922000	713.857162	
621.948000	713.828162	
622.036200	713.731962	
622.090200	713.677962	
623.498200	712.279962	
624.788000	712.277672	
624.931200	712.133472	
626.221000	712.131183	
626.364200	711.986983	
627.654000	711.984693	
627.764200	711.863493	
627.818200	711.809493	
629.230200	710.407493	
630.520000	710.405203	
630.616200	710.298003	
630.670200	710.244003	
632.096200	708.828003	
633.386000	708.825713	
633.500200	708.700513	
633.554200	708.646513	
634.962200	707.248513	
636.252000	707.246223	
636.281000	707.214223	
636.395200	707.102023	
637.685000	707.099734	
637.820200	706.953534	
637.874200	706.899534	
639.261200	705.522534	
640.551000	705.520244	
640.694200	705.376044	
641.000000	705.375738	
641.984000	705.373754	
642.077200	705.269554	
642.131200	705.215554	
643.560200	703.796554	
644.850000	703.794264	
644.993200	703.650064	
646.283000	703.647774	
646.426200	703.503574	
647.716000	703.501285	
647.811200	703.395085	
647.865200	703.341085	
650.622000	700.592285	
663.622200	687.594085	
664.912000	687.591795	
664.933000	687.567795	
665.055200	687.447595	
666.345000	687.445305	
666.488200	687.301105	
667.778000	687.298815	
667.921200	687.154615	
669.211000	687.152325	
669.354200	687.008125	
670.644000	687.005836	
670.787200	686.861636	
671.000000	686.861423	
672.077000	686.859346	
672.220200	686.715146	
673.510000	686.712856	
673.653200	686.568656	
674.943000	686.566366	
675.086200	686.422166	
676.376000	686.419876	
676.519200	686.275676	
677.809000	686.273387	
677.952200	686.129187	
679.242000	686.126897	
679.253000	686.112897	
679.385200	685.982697	
680.675000	685.980407	
680.818200	685.836207	
681.000000	685.836025	
682.108000	685.833917	
682.251200	685.689717	
683.541000	685.687427	
683.684200	685.543227	
684.974000	685.540938	
685.117200	685.396738	
686.407000	685.394448	
686.550200	685.250248	
687.840000	685.247958	
687.983200	685.103758	
689.273000	685.101468	
689.416200	684.957268	
690.706000	684.954978	
690.849200	684.810778	
691.000000	684.810628	
692.139000	684.808489	
692.282200	684.664289	
693.572000	684.661999	
693.609000	684.621999	
693.715200	684.517799	
695.005000	684.515509	
695.148200	684.371309	
696.438000	684.369019	
696.581200	684.224819	
697.871000	684.222529	
698.014200	684.078329	
699.304000	684.076040	
699.447200	683.931840	
