50.000095	949.999217	
50.000954	949.998358	
50.000954	949.998358	
50.002137	949.997175	
50.002137	949.997175	
50.003260	949.996052	
50.004098	949.995214	
50.004099	949.995213	
50.005299	949.994397	
50.006312	949.993384	
50.006846	949.992466	
50.007665	949.991983	
50.008342	949.990794	
50.010233	949.989463	
50.011246	949.988450	
50.012343	949.987353	
50.013355	949.986341	
50.013850	949.985798	
50.014527	949.984609	
50.016158	949.983538	
50.017170	949.982526	
50.017664	949.981984	
50.018341	949.980795	
50.019750	949.979898	
50.020426	949.978710	
55.004011	944.995301	
55.005297	944.994399	
55.006310	944.993386	
55.007204	944.992444	
55.007880	944.991256	
55.142662	944.856650	
55.143848	944.855848	
55.144861	944.854835	
55.145735	944.853913	
55.146412	944.852724	
55.881902	944.117746	
55.882579	944.116557	
57.346333	942.652979	
57.348679	942.651017	
57.349692	942.650004	
57.350166	942.649482	
57.350843	942.648293	
58.130133	941.869515	
58.130810	941.868326	
59.412409	940.587239	
59.413086	940.586050	
60.559003	939.440645	
60.559680	939.439456	
62.991850	937.007462	
62.993495	937.006201	
62.994508	937.005188	
62.995402	937.004246	
62.996079	937.003057	
63.165356	936.833956	
63.166981	936.832715	
63.167994	936.831702	
63.168428	936.831220	
63.169105	936.830031	
64.578755	935.420893	
64.579431	935.419705	
66.661133	933.338515	
66.661810	933.337326	
68.373158	931.626490	
68.373835	931.625301	
68.671000	931.328648	
68.671677	931.327459	
68.823926	931.175722	
68.824603	931.174533	
69.056355	930.943293	
69.057032	930.942104	
72.649017	927.350631	
72.649694	927.349442	
73.931321	926.068327	
73.931998	926.067138	
74.174290	925.825358	
74.174967	925.824169	
74.689956	925.309692	
74.690633	925.308503	
75.233904	924.765744	
75.234581	924.764555	
77.902308	922.097340	
77.902984	922.096152	
79.012708	920.986940	
79.013385	920.985751	
81.259645	918.740003	
81.260322	918.738814	
81.959060	918.040588	
81.959737	918.039399	
82.072433	917.927215	
82.073110	917.926026	
83.330953	916.668695	
83.331630	916.667506	
83.617699	916.381949	
83.618376	916.380760	
86.518131	913.481517	
86.518807	913.480329	
88.759460	911.240188	
88.760137	911.238999	
88.925172	911.074476	
88.925849	911.073287	
89.634415	910.365233	
89.635091	910.364045	
90.638012	909.361636	
90.638688	909.360448	
94.021236	905.978412	
94.021913	905.977223	
95.538346	904.461302	
95.539023	904.460113	
96.552487	903.447161	
96.553163	903.445973	
96.723085	903.276563	
96.723762	903.275374	
96.842942	903.156706	
96.843618	903.155518	
98.366792	901.632856	
98.367468	901.631668	
100.806623	899.193025	
100.807300	899.191836	
101.046245	898.953403	
101.047845	898.951803	
101.048522	898.950614	
101.316516	898.683132	
101.317193	898.681943	
104.983069	895.016579	
104.983746	895.015390	
105.709635	894.290013	
105.710311	894.288825	
105.712543	894.287105	
105.713220	894.285916	
106.402366	893.597282	
106.403043	893.596093	
106.895653	893.103995	
106.896330	893.102806	
108.995022	891.004626	
108.995699	891.003437	
108.997571	891.002077	
108.998247	891.000889	
109.004093	890.995555	
109.004770	890.994366	
109.429223	890.570425	
109.429900	890.569236	
109.992360	890.007288	
109.993037	890.006099	
110.814774	889.184874	
110.815451	889.183685	
111.183214	888.816434	
111.183891	888.815245	
114.124878	885.874770	
114.125555	885.873581	
117.013076	882.986572	
117.013753	882.985383	
117.942677	882.056971	
117.943354	882.055782	
118.161477	881.838171	
118.162153	881.836983	
118.586904	881.412744	
118.587580	881.411556	
118.709660	881.289988	
118.710337	881.288799	
120.197453	879.802195	
120.198130	879.801006	
120.358702	879.640946	
120.359379	879.639757	
121.691905	878.307743	
121.692582	878.306554	
123.234616	876.765032	
123.235293	876.763843	
125.036574	874.963074	
125.037251	874.961885	
125.039423	874.960225	
125.040100	874.959036	
125.221220	874.778428	
125.221897	874.777239	
125.828038	874.171610	
125.828715	874.170421	
127.500078	872.499570	
127.501678	872.497970	
127.502355	872.496781	
130.008885	869.990763	
130.009562	869.989574	
130.168895	869.830753	
130.169572	869.829564	
131.539682	868.459966	
131.540359	868.458777	
131.541591	868.458057	
131.542268	868.456868	
132.509115	867.490533	
132.509792	867.489344	
132.928710	867.070938	
132.929387	867.069749	
134.949413	865.050235	
134.950090	865.049046	
136.011737	863.987911	
136.012414	863.986722	
136.604817	863.394831	
136.605494	863.393642	
137.495175	862.504473	
137.495851	862.503285	
138.960258	861.039390	
138.961558	861.038090	
138.962235	861.036901	
140.627387	859.372261	
140.628064	859.371072	
141.483524	858.516124	
141.484201	858.514935	
141.882815	858.116833	
141.883492	858.115644	
141.993628	858.006020	
141.994305	858.004831	
145.225725	854.773923	
145.226402	854.772734	
146.294910	853.704738	
146.295587	853.703549	
146.719406	853.280242	
146.720083	853.279053	
147.136757	852.862891	
147.137434	852.861702	
147.373873	852.625775	
147.374550	852.624586	
147.679600	852.320048	
147.680276	852.318860	
151.487554	848.512094	
151.488230	848.510906	
151.859776	848.139872	
151.860453	848.138683	
153.989974	846.009674	
153.990651	846.008485	
153.998774	846.000874	
153.999451	845.999685	
154.854411	845.145237	
154.855088	845.144048	
155.961364	844.038284	
155.962041	844.037095	
156.805074	843.194574	
156.805751	843.193385	
157.498795	842.500853	
157.499472	842.499664	
158.324972	841.674676	
158.325648	841.673488	
158.418029	841.581619	
158.419749	841.579899	
158.420425	841.578711	
160.963664	839.035984	
160.964340	839.034796	
164.093750	835.905898	
164.094427	835.904709	
164.820317	835.179331	
164.820993	835.178143	
165.143829	834.855819	
165.144506	834.854630	
165.483796	834.515852	
165.484473	834.514663	
166.175454	833.824194	
166.176131	833.823005	
167.520204	832.479444	
167.520881	832.478255	
167.522913	832.476735	
167.523589	832.475547	
167.531431	832.468217	
167.532108	832.467028	
169.131682	830.867966	
169.132359	830.866777	
169.598921	830.400727	
169.599598	830.399538	
170.110502	829.889146	
170.111178	829.887958	
171.715335	828.284313	
171.716012	828.283124	
173.955143	826.044505	
173.955820	826.043316	
174.588072	825.411576	
174.588749	825.410387	
175.460577	824.539071	
175.461254	824.537882	
177.263843	822.735805	
177.264520	822.734616	
177.667644	822.332004	
177.668724	822.330924	
177.669401	822.329735	
178.051479	821.948169	
178.052156	821.946980	
178.237976	821.761672	
178.238653	821.760483	
179.627590	820.372058	
179.628267	820.370869	
180.307985	819.691663	
180.308662	819.690474	
180.688161	819.311487	
180.688838	819.310298	
183.316143	816.683505	
183.316820	816.682316	
184.174329	815.825319	
184.175005	815.824131	
185.365973	814.633675	
185.366753	814.632895	
185.367429	814.631707	
185.378118	814.621530	
185.378795	814.620341	
186.442745	813.556903	
186.443421	813.555715	
188.120996	811.878652	
188.121673	811.877463	
189.081450	810.918198	
189.082127	810.917009	
191.738878	808.260770	
191.739555	808.259581	
193.014414	806.985234	
193.015090	806.984046	
193.689705	806.309943	
193.690382	806.308754	
194.889027	805.110621	
194.889704	805.109432	
196.143929	803.855719	
196.144605	803.854531	
197.397703	802.601945	
197.398379	802.600757	
197.399671	802.599977	
197.400348	802.598788	
197.875406	802.124242	
197.876083	802.123053	
198.078316	801.921332	
198.078992	801.920144	
199.756957	800.242691	
199.757634	800.241502	
200.514890	799.484758	
200.515567	799.483569	
200.797974	799.201674	
200.798651	799.200485	
201.506363	798.493285	
201.507040	798.492096	
204.192413	795.807235	
204.193090	795.806046	
204.543237	795.456411	
204.543914	795.455222	
204.700627	795.299021	
204.701303	795.297833	
205.118812	794.880836	
205.119489	794.879647	
206.221979	793.777669	
206.222655	793.776481	
207.539241	792.460407	
207.539918	792.459218	
208.459295	791.540353	
208.459972	791.539164	
209.103395	790.896253	
209.104072	790.895064	
211.183039	788.816609	
211.183716	788.815420	
213.209006	786.790642	
213.209682	786.789454	
215.505070	784.494578	
215.505747	784.493389	
216.197729	783.801919	
216.198406	783.800730	
216.543902	783.455746	
216.544578	783.454558	
216.779005	783.220643	
216.779681	783.219455	
216.781310	783.218338	
216.781987	783.217149	
219.896436	780.103212	
219.897113	780.102023	
220.110414	779.889234	
220.112314	779.887334	
220.112991	779.886145	
224.911659	775.087989	
224.912336	775.086800	
224.937407	775.062241	
224.938084	775.061052	
225.721578	774.278070	
225.722255	774.276881	
227.011860	772.987788	
227.012536	772.986600	
227.507610	772.492038	
227.508287	772.490849	
228.960172	771.039476	
228.960848	771.038288	
228.962640	771.037008	
228.963317	771.035819	
230.169004	769.830644	
230.169681	769.829455	
231.046854	768.952794	
231.047531	768.951605	
231.865088	768.134560	
231.865765	768.133371	
232.780075	767.219573	
232.780752	767.218384	
233.503023	766.496625	
233.503700	766.495436	
233.506172	766.493476	
233.506849	766.492287	
235.145818	764.853830	
235.146494	764.852642	
236.859938	763.139710	
236.860615	763.138521	
237.573470	762.426178	
237.574147	762.424989	
238.654009	761.345639	
238.655389	761.344259	
238.656066	761.343070	
239.732055	760.267593	
239.732732	760.266404	
240.172554	759.827094	
240.173231	759.825905	
242.336465	757.663183	
242.337142	757.661994	
243.851640	756.148008	
243.852317	756.146819	
245.801401	754.198247	
245.802078	754.197058	
246.598286	753.401362	
246.598962	753.400174	
247.433485	752.566163	
247.434161	752.564975	
248.437370	751.562278	
248.438047	751.561089	
249.751465	750.248183	
249.752143	750.246993	
249.777841	750.221807	
249.778518	750.220618	
249.895044	750.104604	
249.895720	750.103416	
251.997265	748.002383	
251.997941	748.001195	
252.957922	747.041726	
252.958598	747.040538	
253.414586	746.585062	
253.415263	746.583873	
257.697297	742.302351	
257.697974	742.301162	
258.002814	741.996834	
258.003491	741.995645	
258.004823	741.994825	
258.005499	741.993637	
258.560694	741.438954	
258.561370	741.437766	
259.644538	740.355110	
259.645215	740.353921	
260.898189	739.101459	
260.898866	739.100270	
263.305093	736.694555	
263.305770	736.693366	
263.361533	736.638115	
263.362210	736.636926	
265.825034	734.174614	
265.825711	734.173425	
266.404056	733.595592	
266.404733	733.594403	
267.892761	732.106887	
267.893438	732.105698	
268.597889	731.401759	
268.598566	731.400570	
268.967921	731.031727	
268.968597	731.030539	
269.957981	730.041667	
269.958658	730.040478	
270.587922	729.411726	
270.588599	729.410537	
271.873368	728.126280	
271.874045	728.125091	
274.602458	725.397190	
274.603135	725.396001	
276.351380	723.648268	
276.352056	723.647080	
276.362659	723.636989	
276.363336	723.635800	
277.137785	722.861863	
277.138462	722.860674	
280.123075	719.876573	
280.123752	719.875384	
282.643855	717.355793	
282.644532	717.354604	
282.792844	717.206804	
282.793521	717.205615	
283.642047	716.357601	
283.642724	716.356412	
284.602321	715.397327	
284.602997	715.396139	
285.583158	714.416490	
285.583835	714.415301	
285.902212	714.097436	
285.902888	714.096248	
287.372841	712.626807	
287.373518	712.625618	
288.710844	711.288804	
288.711521	711.287615	
290.031816	709.967832	
290.032492	709.966644	
290.034204	709.965444	
290.034881	709.964255	
290.511301	709.488347	
290.511978	709.487158	
291.464068	708.535580	
291.464745	708.534391	
292.491618	707.508030	
292.492295	707.506841	
292.632036	707.367612	
292.632713	707.366423	
297.474244	702.525404	
297.474921	702.524215	
298.260560	701.739088	
298.261237	701.737899	
299.167580	700.832068	
299.168257	700.830879	
299.358204	700.641444	
299.358881	700.640255	
299.792474	700.207174	
299.793151	700.205985	
300.546879	699.452769	
300.547556	699.451580	
301.521881	698.477767	
301.522558	698.476578	
305.140346	694.859302	
305.141023	694.858113	
306.246872	693.752776	
306.247549	693.751587	
306.837590	693.162058	
306.838267	693.160869	
307.639761	692.359887	
307.640438	692.358698	
308.986934	691.012714	
308.987610	691.011526	
309.912124	690.087524	
309.912800	690.086336	
309.915092	690.084556	
309.915769	690.083367	
310.655290	689.344358	
310.655967	689.343169	
310.840357	689.159291	
310.841033	689.158103	
311.672767	688.326881	
311.673444	688.325692	
314.006897	685.992751	
314.007574	685.991562	
315.615971	684.383677	
315.616648	684.382488	
315.776614	684.223034	
315.777291	684.221845	
316.598706	683.400942	
316.599383	683.399753	
316.872927	683.126721	
316.873604	683.125532	
318.943003	681.056645	
318.943679	681.055457	
321.124403	678.875245	
321.125080	678.874056	
321.889603	678.110045	
321.890280	678.108856	
322.634249	677.365399	
322.634925	677.364211	
322.671856	677.327792	
322.672533	677.326603	
323.443360	676.556288	
323.444036	676.555100	
325.384453	674.615195	
325.385130	674.614006	
327.600791	672.398857	
327.601467	672.397669	
328.833778	671.165870	
328.834455	671.164681	
329.346289	670.653359	
329.346967	670.652169	
329.348639	670.651009	
329.349316	670.649820	
330.760794	669.238854	
330.761470	669.237666	
331.575703	668.423945	
331.576380	668.422756	
332.403988	667.595660	
332.404665	667.594471	
333.411637	666.588011	
333.412314	666.586822	
334.573018	665.426630	
334.573695	665.425441	
336.063222	663.936426	
336.063898	663.935238	
336.850217	663.149431	
336.850893	663.148243	
336.863232	663.136416	
336.863908	663.135228	
337.674414	662.325234	
337.675090	662.324046	
338.128970	661.870678	
338.129647	661.869489	
339.207655	660.791993	
339.208332	660.790804	
340.423317	659.576331	
340.423994	659.575142	
340.509708	659.489940	
340.510385	659.488751	
341.793092	658.206556	
341.793769	658.205367	
342.632952	657.366696	
342.633628	657.365508	
342.728788	657.270860	
342.729465	657.269671	
344.773268	655.226380	
344.773945	655.225191	
344.860367	655.139281	
344.861044	655.138092	
346.015486	653.984162	
346.016163	653.982973	
346.526035	653.473613	
346.526712	653.472424	
347.264991	652.734657	
347.265668	652.733468	
349.305277	650.694371	
349.305954	650.693182	
349.446212	650.553436	
349.446890	650.552246	
350.638794	649.360854	
350.639471	649.359665	
351.596166	648.403482	
351.596843	648.402293	
352.079861	647.919787	
352.080538	647.918598	
356.413906	643.585742	
356.414583	643.584553	
356.570778	643.428870	
356.571455	643.427681	
357.270855	642.728793	
357.271532	642.727604	
358.689451	641.310197	
358.690127	641.309009	
359.894539	640.105109	
359.895216	640.103920	
360.384152	639.615496	
360.384828	639.614308	
360.632207	639.367441	
360.632883	639.366253	
361.277310	638.722338	
361.277988	638.721148	
362.890666	637.108982	
362.891342	637.107794	
364.150705	635.848943	
364.151382	635.847754	
366.220721	633.778927	
366.221398	633.777738	
366.324008	633.675640	
366.324685	633.674451	
366.753849	633.245799	
366.754525	633.244611	
369.984666	630.014982	
369.985343	630.013793	
370.047767	629.951881	
370.048444	629.950692	
370.049876	629.949772	
370.050552	629.948584	
371.823308	628.176340	
371.823985	628.175151	
372.693547	627.306101	
372.694224	627.304912	
373.889334	626.110314	
373.890010	626.109126	
374.925365	625.074283	
374.926042	625.073094	
374.930866	625.068782	
374.931544	625.067592	
376.182838	623.816810	
376.183514	623.815622	
378.150788	621.848860	
378.151668	621.847980	
378.153848	621.845800	
378.154525	621.844611	
378.156957	621.842691	
378.157634	621.841502	
379.037606	620.962042	
379.038282	620.960854	
380.046003	619.953645	
380.046680	619.952456	
380.725242	619.274406	
380.725919	619.273217	
381.556949	618.442699	
381.557626	618.441510	
383.896583	616.103065	
383.897260	616.101876	
385.943458	614.056190	
385.944135	614.055001	
386.026427	613.973221	
386.027104	613.972032	
387.401384	612.598264	
387.402061	612.597075	
388.153543	611.846105	
388.154219	611.844917	
388.296555	611.703093	
388.297655	611.701993	
388.300235	611.699413	
388.300912	611.698224	
388.305684	611.693964	
388.306360	611.692776	
389.904977	610.094671	
389.905654	610.093482	
391.465265	608.534383	
391.465941	608.533195	
393.345890	606.653758	
393.346567	606.652569	
393.671942	606.327706	
393.672618	606.326518	
393.944916	606.054732	
393.945593	606.053543	
394.392963	605.606685	
394.393640	605.605496	
395.614334	604.385314	
395.615011	604.384125	
397.750111	602.249537	
397.750788	602.248348	
398.666663	601.332985	
398.667340	601.331796	
399.068938	600.930710	
399.069615	600.929521	
399.115315	600.884333	
399.115992	600.883144	
399.409694	600.589954	
399.410371	600.588765	
401.105601	598.894047	
401.106278	598.892858	
404.497276	595.502372	
404.498976	595.500672	
404.499653	595.499483	
405.839356	594.160292	
405.840033	594.159103	
406.935639	593.064009	
406.936316	593.062820	
408.177996	591.821652	
408.178673	591.820463	
408.352781	591.646867	
408.353458	591.645678	
408.482048	591.517600	
408.482724	591.516412	
409.321268	590.678380	
409.321945	590.677191	
410.044077	589.955571	
410.044753	589.954383	
413.714075	586.285573	
413.714752	586.284384	
415.124286	584.875362	
415.124963	584.874173	
415.233339	584.766309	
415.234016	584.765120	
416.665916	583.333732	
416.666593	583.332543	
416.689645	583.310003	
416.690322	583.308814	
416.764648	583.235000	
416.765325	583.233811	
418.080053	581.919595	
418.080730	581.918406	
418.357388	581.642260	
418.358168	581.641480	
418.361308	581.638340	
418.361985	581.637151	
420.855634	579.144014	
420.856310	579.142826	
421.114566	578.885082	
421.115243	578.883893	
421.568819	578.430829	
421.569496	578.429640	
422.663641	577.336007	
422.664318	577.334818	
423.554483	576.445165	
423.555160	576.443976	
427.661939	572.337709	
427.662616	572.336520	
427.689626	572.310022	
427.690302	572.308834	
428.030913	571.968735	
428.031590	571.967546	
428.212143	571.787505	
428.212820	571.786316	
428.976442	571.023206	
428.977119	571.022017	
429.780576	570.219072	
429.781252	570.217884	
429.821803	570.177845	
429.822480	570.176656	
433.779019	566.220629	
433.779695	566.219441	
434.425726	565.573922	
434.426403	565.572733	
435.375379	564.624269	
435.376056	564.623080	
436.688418	563.311230	
436.689095	563.310041	
439.441342	560.558306	
439.442019	560.557117	
439.620765	560.378883	
439.621442	560.377694	
440.250319	559.749329	
440.250995	559.748141	
440.391847	559.607801	
440.392524	559.606612	
440.655728	559.343920	
440.656405	559.342731	
440.744586	559.255062	
440.745263	559.253873	
441.473021	558.526627	
441.473697	558.525439	
443.381897	556.617751	
443.382574	556.616562	
446.800985	553.198663	
446.801662	553.197474	
448.673406	551.326242	
448.674083	551.325053	
449.098206	550.901442	
449.098883	550.900253	
449.582524	550.417124	
449.583201	550.415935	
449.606477	550.393171	
449.607153	550.391983	
451.950870	548.048778	
451.951547	548.047589	
452.843349	547.156299	
452.844025	547.155111	
452.913016	547.086632	
452.913693	547.085443	
454.812161	545.187487	
454.812838	545.186298	
457.266478	542.733170	
457.267155	542.731981	
457.497357	542.502291	
457.498034	542.501102	
459.073565	540.926083	
459.074242	540.924894	
460.545829	539.453819	
460.546506	539.452630	
460.651462	539.348186	
460.652139	539.346997	
460.915206	539.084442	
460.915883	539.083253	
461.231834	538.767814	
461.232511	538.766625	
462.725873	537.273775	
462.726550	537.272586	
465.550444	534.449204	
465.551120	534.448016	
466.035338	533.964310	
466.036014	533.963122	
466.818259	533.181389	
466.818936	533.180200	
467.627609	532.372039	
467.628286	532.370850	
468.374488	531.625160	
468.375165	531.623971	
469.212228	530.787420	
469.212905	530.786231	
471.142360	528.857288	
471.143037	528.856099	
471.349961	528.649687	
471.350638	528.648498	
472.682974	527.316674	
472.683651	527.315485	
472.793231	527.206417	
472.793908	527.205228	
473.136851	526.862797	
473.137528	526.861608	
476.367220	523.632428	
476.367897	523.631239	
478.534585	521.465063	
478.535262	521.463874	
479.520592	520.479056	
479.521268	520.477868	
481.191498	518.808150	
481.192175	518.806961	
481.564494	518.435154	
481.565171	518.433965	
482.626702	517.372946	
482.627378	517.371758	
482.807491	517.192157	
482.808168	517.190968	
484.877802	515.121846	
484.878479	515.120657	
486.688761	513.310887	
486.689438	513.309698	
486.695856	513.303792	
486.696533	513.302603	
487.450371	512.549277	
487.451048	512.548088	
488.253417	511.746231	
488.254094	511.745042	
491.990957	508.008691	
491.991634	508.007502	
492.442416	507.557232	
492.443093	507.556043	
492.641827	507.357821	
492.642504	507.356632	
493.042154	506.957494	
493.042830	506.956306	
494.408048	505.591600	
494.408724	505.590412	
495.214635	504.785013	
495.215311	504.783825	
498.146478	501.853170	
498.147155	501.851981	
498.274600	501.725048	
498.275277	501.723859	
500.097198	499.902450	
500.097875	499.901261	
501.622572	498.377076	
501.623249	498.375887	
503.725596	496.274052	
503.726273	496.272863	
504.508061	495.491587	
504.508738	495.490398	
504.744655	495.254993	
504.745332	495.253804	
504.963184	495.036464	
504.963861	495.035275	
505.475861	494.523787	
505.476538	494.522598	
505.820785	494.178863	
505.821462	494.177674	
506.860712	493.138936	
506.861389	493.137747	
510.138646	489.861002	
510.139323	489.859813	
510.532812	489.466836	
510.533488	489.465648	
511.256960	488.742688	
511.257636	488.741500	
515.102607	484.897041	
515.103284	484.895852	
515.653554	484.346094	
515.654231	484.344905	
515.968435	484.031213	
515.969112	484.030024	
517.250886	482.748762	
517.251563	482.747573	
519.071142	480.928506	
519.071819	480.927317	
519.577183	480.422465	
519.577859	480.421277	
519.938679	480.060969	
519.939356	480.059780	
523.519663	476.479985	
523.520340	476.478796	
524.937058	475.062590	
524.937735	475.061401	
525.159514	474.840134	
525.160191	474.838945	
525.659382	474.340266	
525.660059	474.339077	
526.108210	473.891438	
526.108887	473.890249	
527.839111	472.160537	
527.839787	472.159349	
528.366431	471.633217	
528.367108	471.632028	
528.613588	471.386060	
528.614264	471.384872	
531.016481	468.983167	
531.017157	468.981979	
533.052358	466.947290	
533.053035	466.946101	
534.349796	465.649852	
534.350472	465.648664	
534.894611	465.105037	
534.895288	465.103848	
538.182357	461.817291	
538.183034	461.816102	
538.720861	461.278787	
538.721538	461.277598	
540.396760	459.602888	
540.397437	459.601699	
541.228037	458.771611	
541.228713	458.770423	
541.299907	458.699741	
541.300584	458.698552	
542.136773	457.862875	
542.137450	457.861686	
542.467913	457.531735	
542.468589	457.530547	
542.826596	457.173052	
542.827272	457.171864	
544.365087	455.634561	
544.365764	455.633372	
544.387999	455.611649	
544.388676	455.610460	
547.166605	452.833043	
547.167282	452.831854	
548.215648	451.784000	
548.216325	451.782811	
549.584426	450.415222	
549.585103	450.414033	
