17.206000	982.791000	
18.640001	981.356999	
20.075001	979.921999	
21.505001	978.491999	
22.941001	977.055999	
24.373001	975.623999	
25.805001	974.191999	
27.238002	972.758998	
27.238002	972.758998	
30.109002	969.887998	
32.987002	967.009998	
34.427003	965.569997	
35.841003	964.155997	
37.273003	962.723997	
38.703004	961.293996	
40.157004	959.839996	
41.586005	958.410995	
43.133204	956.865796	
44.423004	956.863506	
44.454005	956.829505	
44.566204	956.719306	
45.856004	956.717016	
45.866005	956.704015	
45.999205	956.572815	
47.289005	956.570525	
47.316006	956.540525	
47.432206	956.426325	
48.722006	956.424035	
48.747007	956.396034	
48.865207	956.279834	
50.155007	956.277544	
50.182007	956.247544	
50.223207	956.166344	
50.298207	956.133344	
51.000000	956.132642	
51.588007	956.131054	
51.610007	956.106054	
51.657208	956.018853	
51.731207	955.986854	
53.021007	955.984564	
53.035008	955.967564	
53.097208	955.865364	
53.164208	955.840364	
54.454008	955.838074	
54.465008	955.824073	
54.531209	955.717873	
54.597208	955.693873	
55.887008	955.691584	
55.907009	955.668583	
55.996210	955.571382	
56.050211	955.517381	
57.403210	954.164382	
57.457211	954.110381	
58.789010	952.786582	
58.833210	952.702381	
58.896210	952.681382	
60.186010	952.679092	
60.205011	952.657091	
60.253211	952.568891	
60.329211	952.534891	
61.000000	952.534221	
61.619011	952.532602	
61.635011	952.513601	
61.685212	952.423400	
61.762211	952.388401	
63.052011	952.386111	
63.075012	952.360110	
63.134213	952.292910	
63.188214	952.238909	
64.513012	950.922110	
64.555212	950.839910	
64.628212	950.808910	
65.918012	950.806620	
65.938013	950.783620	
65.987213	950.694419	
66.061213	950.662420	
67.351013	950.660130	
67.370013	950.638129	
67.423214	950.544928	
67.494213	950.515929	
68.784013	950.513640	
68.803014	950.491639	
68.853214	950.433439	
68.875215	950.379438	
70.253014	949.041639	
70.285215	948.969438	
70.360214	948.936439	
71.000000	948.935799	
71.650014	948.934149	
71.716215	948.856948	
71.738216	948.802947	
71.793214	948.789949	
73.083014	948.787659	
73.096015	948.771658	
73.156216	948.671458	
73.226215	948.643458	
74.516015	948.641168	
74.534016	948.620167	
74.590216	948.555967	
74.612217	948.501966	
75.977017	947.177167	
76.016217	947.129967	
76.038218	947.075966	
77.420018	945.734166	
77.457218	945.656966	
77.457218	945.656966	
78.840018	944.314166	
78.883218	944.230965	
78.958218	944.197966	
80.248018	944.195676	
80.259018	944.181676	
80.315218	944.085476	
80.391218	944.051476	
81.000000	944.050867	
81.681018	944.049186	
81.712019	944.015185	
81.749219	943.969985	
81.771220	943.915984	
83.133019	942.594185	
83.181219	942.505985	
83.257219	942.471985	
84.547019	942.469695	
84.571020	942.442694	
84.615220	942.390494	
84.637221	942.336493	
86.045220	940.928494	
86.123220	940.892494	
87.413020	940.890205	
87.450021	940.850204	
87.478222	940.782003	
87.556221	940.746004	
88.846021	940.743714	
88.883022	940.703713	
88.916222	940.630513	
88.989222	940.599513	
90.279022	940.597223	
90.294022	940.579223	
90.346223	940.487022	
90.346223	940.487022	
91.742023	939.131222	
91.777223	939.056022	
91.777224	939.056021	
93.178023	937.695221	
93.213224	937.620021	
93.288223	937.587021	
94.578023	937.584732	
94.609024	937.550731	
94.644224	937.475531	
94.721224	937.440531	
96.011024	937.438241	
96.050024	937.396241	
96.088225	937.318041	
96.088225	937.318041	
97.475025	935.971240	
97.524225	935.882040	
97.587225	935.861040	
98.877025	935.858751	
98.914025	935.818750	
98.953226	935.771550	
98.975227	935.717549	
100.380226	934.312549	
100.453225	934.281550	
101.000000	934.281003	
101.743025	934.279260	
101.772026	934.247259	
101.817227	934.194058	
101.839228	934.140057	
103.209027	932.810258	
103.255228	932.756058	
103.277229	932.702057	
104.621028	931.398258	
104.684228	931.295058	
104.752228	931.269058	
106.042028	931.266768	
106.070029	931.235767	
106.108229	931.157567	
106.185229	931.122567	
107.475029	931.120277	
107.492029	931.100277	
107.542229	931.042077	
107.564230	930.988076	
108.930029	929.662277	
108.986229	929.566077	
108.986230	929.566076	
110.364030	928.228276	
110.408230	928.144076	
110.484230	928.110076	
111.000000	928.109560	
111.774030	928.107786	
111.788030	928.090786	
111.845231	928.025585	
111.867232	927.971584	
113.237031	926.641785	
113.288232	926.582584	
113.342233	926.528583	
114.710232	925.160584	
114.710232	925.128584	
116.087032	923.791784	
116.144232	923.726584	
116.166233	923.672583	
117.523033	922.355783	
117.578233	922.292583	
117.578234	922.292582	
118.964033	920.914783	
119.005234	920.865583	
119.027234	920.811582	
119.082233	920.798583	
120.372033	920.796293	
120.392034	920.773292	
120.439235	920.718092	
120.461236	920.664091	
121.819034	919.346292	
121.873234	919.252092	
121.948234	919.219092	
123.238034	919.216802	
123.253035	919.198802	
123.306235	919.137602	
123.328236	919.083601	
124.710035	917.741801	
124.736236	917.675601	
124.736236	917.675601	
126.144036	916.307801	
126.172236	916.271600	
126.194237	916.217599	
127.565036	914.886800	
127.607237	914.804600	
127.680236	914.773600	
128.970036	914.771310	
129.052237	914.678109	
129.074239	914.624108	
130.413037	913.325309	
130.470237	913.228109	
130.546237	913.194109	
131.000000	913.193656	
131.836037	913.191820	
131.850038	913.174819	
131.905239	913.079618	
131.979238	913.047619	
133.269038	913.045329	
133.308039	913.003328	
133.335239	912.936128	
133.412239	912.901128	
134.702039	912.898839	
134.713040	912.884838	
134.774240	912.783638	
134.845240	912.754638	
136.135040	912.752348	
136.148040	912.736348	
136.215240	912.661147	
136.237241	912.607146	
137.578040	911.306347	
137.634241	911.242147	
137.656242	911.188146	
137.711240	911.175147	
139.001040	911.172857	
139.026041	911.144857	
139.078242	911.084656	
139.100243	911.030655	
140.447041	909.723856	
140.512242	909.650656	
140.534243	909.596655	
141.903042	908.267856	
141.933243	908.229655	
141.955244	908.175654	
142.010242	908.162656	
143.300042	908.160366	
143.387243	908.062165	
143.441243	908.008165	
144.764043	906.693365	
144.798243	906.651165	
144.820244	906.597164	
144.876243	906.583165	
146.166043	906.580875	
146.176044	906.567874	
146.241244	906.494674	
146.263245	906.440673	
147.617044	905.126874	
147.673245	905.030673	
147.742244	905.003674	
149.032044	905.001384	
149.069045	904.961383	
149.101246	904.921183	
149.123247	904.867182	
150.498045	903.532383	
150.541246	903.449183	
150.608245	903.424183	
151.000000	903.423791	
151.898045	903.421893	
151.924046	903.392893	
151.981246	903.295692	
152.041246	903.277693	
153.331046	903.275403	
153.363047	903.240402	
153.407247	903.188202	
153.461248	903.134201	
153.474247	903.131202	
154.764047	903.128912	
154.785047	903.104912	
154.842247	903.039712	
154.896248	902.985711	
156.207047	901.682912	
156.283248	901.566711	
156.340247	901.551712	
157.630047	901.549422	
157.706248	901.462221	
157.760249	901.408221	
157.773247	901.405222	
159.063047	901.402932	
159.091048	901.371931	
159.129249	901.293730	
159.206248	901.258731	
160.496048	901.256441	
160.513049	901.236440	
160.568250	901.141240	
160.639249	901.112240	
161.000000	901.111880	
161.929049	901.109950	
161.965050	901.070950	
161.994250	901.033750	
162.016251	900.979749	
162.072250	900.965750	
163.362050	900.963460	
163.400051	900.922459	
163.430251	900.852259	
163.505251	900.819259	
164.795051	900.816969	
164.805051	900.803969	
164.866252	900.734768	
164.888253	900.680767	
166.254051	899.354969	
166.296252	899.272768	
166.371251	899.239769	
167.661051	899.237479	
167.688052	899.207478	
167.748253	899.139278	
167.804252	899.093278	
169.094052	899.090989	
169.132052	899.049988	
169.171252	899.002788	
169.193253	898.948788	
170.541053	897.640988	
170.596254	897.577787	
170.618255	897.523786	
172.030254	896.143787	
172.052255	896.089786	
173.407054	894.774987	
173.474255	894.667786	
173.536254	894.647787	
174.826054	894.645497	
174.856055	894.612496	
174.894255	894.534295	
174.969255	894.501296	
176.259055	894.499006	
176.294055	894.461006	
176.324255	894.390806	
176.402255	894.354806	
177.692055	894.352516	
177.710056	894.331515	
177.759256	894.274315	
177.781257	894.220314	
179.157056	892.884515	
179.191257	892.842314	
179.213257	892.788314	
179.268256	892.775315	
180.558056	892.773025	
180.592057	892.736024	
180.629257	892.690824	
180.651258	892.636823	
182.024058	891.304024	
182.059258	891.228823	
182.134258	891.195824	
183.424058	891.193534	
183.464058	891.150534	
183.498259	891.108333	
183.520260	891.054332	
184.888058	889.726533	
184.923259	889.651333	
185.000258	889.616333	
186.290058	889.614043	
186.361259	889.531842	
186.383260	889.477841	
187.738059	888.163042	
187.793260	888.099842	
187.793260	888.099841	
187.866259	888.036842	
189.156059	888.034553	
189.183060	888.004552	
189.233261	887.946351	
189.287263	887.892349	
189.299260	887.890352	
190.589060	887.888062	
190.599061	887.875061	
190.664262	887.801860	
190.686263	887.747859	
192.038062	886.436060	
192.092262	886.373860	
192.114263	886.319859	
193.495062	884.979060	
193.522262	884.911860	
193.598262	884.877860	
194.888062	884.875570	
194.900062	884.860570	
194.958263	884.762370	
195.031262	884.731370	
196.321062	884.729080	
196.342063	884.705080	
196.394264	884.644879	
196.416265	884.590878	
197.783063	883.264079	
197.829264	883.177879	
197.829264	883.177879	
197.897263	883.151879	
199.187063	883.149589	
199.213064	883.120589	
199.254264	883.071388	
199.276265	883.017387	
200.687265	881.638388	
200.709265	881.584387	
202.093065	880.240588	
202.122265	880.203387	
202.122266	880.203387	
203.519066	878.814587	
203.552267	878.773386	
203.574268	878.719385	
203.629266	878.706387	
204.919066	878.704097	
204.953066	878.667097	
204.991267	878.620896	
205.013268	878.566895	
206.391067	877.229096	
206.440268	877.171895	
206.494269	877.117894	
207.811068	875.809095	
207.852268	875.759895	
207.874269	875.705894	
209.242068	874.378095	
209.286269	874.325894	
209.308270	874.271893	
210.682069	872.938094	
210.736269	872.875894	
210.758270	872.821893	
212.104069	871.516094	
212.150269	871.461894	
212.172270	871.407893	
212.227269	871.394894	
213.517069	871.392604	
213.541070	871.365604	
213.584270	871.314403	
213.606271	871.260403	
215.027270	869.871403	
215.081271	869.817402	
215.093270	869.815404	
216.383070	869.813114	
216.407070	869.786113	
216.448271	869.704913	
216.526270	869.668913	
217.816070	869.666623	
217.855071	869.624622	
217.894272	869.577422	
217.948273	869.523421	
219.277072	868.202622	
219.315273	868.156421	
219.337273	868.102420	
219.392272	868.089422	
220.682072	868.087132	
220.704073	868.062131	
220.758273	867.999930	
220.812274	867.945930	
220.825273	867.942931	
221.000000	867.942756	
222.115073	867.940641	
222.149073	867.903641	
222.182274	867.862440	
222.204274	867.808440	
223.559073	866.493641	
223.618274	866.394440	
223.691273	866.363441	
224.981073	866.361151	
224.999074	866.340150	
225.059274	866.271950	
225.081275	866.217949	
226.440074	864.899150	
226.491275	864.807949	
226.557274	864.783950	
227.847074	864.781660	
227.879075	864.746659	
227.929276	864.688459	
227.983276	864.634458	
229.348276	863.237459	
229.348276	863.237459	
230.728076	861.897658	
230.791277	861.794458	
230.856276	861.771458	
231.000000	861.771315	
232.146076	861.769169	
232.170077	861.742168	
232.216277	861.687967	
232.216277	861.655967	
233.598077	860.314167	
233.663278	860.240967	
233.717279	860.186966	
235.034078	858.878166	
235.088279	858.815966	
235.110280	858.761965	
236.471079	857.441166	
236.513279	857.390965	
236.535280	857.336964	
237.903079	856.009166	
237.946279	855.957966	
237.968280	855.903965	
239.331080	854.581165	
239.392281	854.511964	
239.414281	854.457963	
240.755080	853.157165	
240.811281	853.092964	
240.833282	853.038963	
242.212081	851.700164	
242.244281	851.659964	
242.266282	851.605963	
243.683282	850.220963	
243.705283	850.166962	
245.074082	848.838163	
245.108283	848.795962	
245.130284	848.741961	
245.186282	848.727963	
246.476082	848.725673	
246.510082	848.688672	
246.541283	848.617472	
246.619282	848.581472	
247.909082	848.579183	
247.936083	848.549182	
247.989283	848.487982	
248.011284	848.433981	
249.380084	847.105181	
249.408284	847.068981	
249.430285	847.014980	
249.485284	847.001981	
250.775084	846.999691	
250.804084	846.967691	
250.862284	846.901491	
250.884285	846.847490	
252.242085	845.529691	
252.274285	845.489491	
252.274285	845.489491	
253.671085	844.100690	
253.709286	844.054489	
253.731287	844.000488	
255.103085	842.668690	
255.141285	842.622490	
255.217285	842.556490	
256.507085	842.554200	
256.545086	842.513199	
256.576287	842.473999	
256.598287	842.419998	
258.007287	841.042999	
258.029287	840.988998	
259.410087	839.648198	
259.448288	839.601997	
259.470289	839.547996	
260.836088	838.222197	
260.871289	838.178996	
260.893290	838.124995	
260.949288	838.110997	
261.000000	838.110947	
262.239088	838.108708	
262.249089	838.095707	
262.306289	838.030506	
262.328290	837.976505	
263.700089	836.644706	
263.738290	836.598505	
263.760291	836.544504	
263.815289	836.531506	
265.105089	836.529216	
265.124090	836.507216	
265.177290	836.446016	
265.199291	836.392015	
266.569090	835.062216	
266.603291	835.020015	
266.625291	834.966014	
266.681290	834.952016	
267.971090	834.949726	
267.990091	834.927725	
268.039292	834.870524	
268.061293	834.816523	
269.419091	833.498725	
269.476291	833.433525	
269.498292	833.379524	
270.857092	832.060724	
270.905292	832.004524	
270.927293	831.950523	
272.342293	830.567523	
272.364294	830.513522	
273.723093	829.194723	
273.772293	829.137523	
273.794294	829.083522	
275.147094	827.770722	
275.203294	827.706522	
275.225295	827.652521	
276.582094	826.335722	
276.635295	826.274521	
276.657296	826.220520	
276.712294	826.207522	
278.002094	826.205232	
278.027095	826.177231	
278.078296	826.118031	
278.100296	826.064030	
279.456095	824.748231	
279.515296	824.681030	
279.537297	824.627030	
280.888096	823.316231	
280.940296	823.224030	
281.011296	823.195031	
282.301096	823.192741	
282.334096	823.156740	
282.378297	823.104539	
282.432298	823.050538	
282.444296	823.048540	
283.734096	823.046250	
283.760097	823.017250	
283.801297	822.968050	
283.823297	822.914049	
285.189097	821.588249	
285.234298	821.535049	
285.234298	821.535049	
286.667298	820.070049	
286.743297	820.036049	
288.033097	820.033760	
288.061098	820.002759	
288.107298	819.948559	
288.129299	819.894558	
289.484099	818.579758	
289.535299	818.520558	
289.557300	818.466557	
290.934100	817.129757	
290.968300	817.087557	
290.990301	817.033556	
292.372100	815.691756	
292.402301	815.653556	
292.424302	815.599555	
293.794101	814.269756	
293.835301	814.220556	
293.835301	814.220556	
295.211101	812.852756	
295.263302	812.792555	
295.285303	812.738554	
295.341301	812.724556	
296.631101	812.722266	
296.663102	812.687265	
296.708302	812.634065	
296.730303	812.580064	
298.077102	811.273265	
298.141302	811.201065	
298.163303	811.147064	
299.527103	809.823264	
299.563304	809.779063	
299.585305	809.725062	
299.640303	809.712064	
300.930103	809.709775	
300.996304	809.632574	
301.018304	809.578573	
301.073303	809.565575	
302.363103	809.563285	
302.392104	809.531284	
302.439304	809.476083	
302.461305	809.422083	
303.834105	808.089283	
303.861306	808.054082	
303.883306	808.000081	
303.939305	807.986083	
305.229105	807.983793	
305.254105	807.955792	
305.296306	807.905591	
305.318307	807.851590	
306.677106	806.532792	
306.739307	806.462591	
306.761307	806.408590	
308.130106	805.079791	
308.179307	805.022591	
308.201308	804.968590	
309.543107	803.666791	
309.593307	803.608591	
309.615308	803.554590	
309.671307	803.540591	
310.961107	803.538301	
310.981107	803.515301	
311.026307	803.462100	
311.048308	803.408100	
311.104307	803.394101	
312.394107	803.391811	
312.431108	803.351810	
312.472308	803.302610	
312.494309	803.248609	
313.860108	801.922810	
313.897309	801.877609	
313.919310	801.823608	
315.332309	800.410609	
315.403308	800.381610	
316.693108	800.379320	
316.708109	800.361319	
316.766309	800.295119	
316.788310	800.241118	
318.141110	798.928318	
318.198310	798.863118	
318.220311	798.809117	
319.597111	797.472318	
319.625311	797.436117	
319.647312	797.382116	
319.702311	797.369118	
320.992111	797.366828	
321.014111	797.341827	
321.063311	797.284627	
321.063312	797.284626	
322.458112	795.897827	
322.492312	795.855626	
322.514313	795.801625	
323.869112	794.486826	
323.928312	794.419626	
323.928313	794.419626	
325.318113	793.037826	
325.373313	792.974626	
325.395314	792.920625	
326.745113	791.610825	
326.810314	791.537625	
326.864314	791.483624	
328.178114	790.177825	
328.225314	790.122624	
328.247315	790.068623	
329.667315	788.680624	
329.689315	788.626623	
331.037115	787.318824	
331.100316	787.247623	
331.154316	787.193622	
331.166315	787.191624	
332.456115	787.189334	
332.489116	787.153333	
332.521316	787.113133	
332.543316	787.059132	
332.599316	787.045133	
333.889116	787.042843	
333.926116	787.002843	
333.961316	786.959643	
333.983317	786.905642	
335.341117	785.587842	
335.394317	785.526641	
335.416318	785.472640	
336.787117	784.141842	
336.820317	784.100642	
336.842318	784.046641	
336.898317	784.032642	
338.188117	784.030352	
338.211118	784.004351	
338.262318	783.913151	
338.331318	783.886151	
339.621118	783.883862	
339.658118	783.843861	
339.690318	783.803661	
339.690319	783.803661	
341.068119	782.433861	
341.131319	782.362660	
341.153320	782.308660	
342.520119	780.981860	
342.555319	780.906660	
342.630319	780.873660	
343.920119	780.871370	
343.995320	780.785170	
344.017321	780.731169	
345.382120	779.406369	
345.425320	779.355169	
345.447321	779.301168	
346.797121	777.991368	
346.852322	777.928167	
346.874323	777.874166	
348.236122	776.552368	
348.312322	776.468167	
348.366323	776.414167	
349.673123	775.115367	
349.717323	775.063166	
349.739324	775.009165	
351.098123	773.690367	
351.155323	773.625166	
351.177324	773.571165	
352.531123	772.257366	
352.591323	772.189166	
352.613324	772.135166	
353.971124	770.817366	
354.031324	770.749165	
354.085325	770.695164	
355.411124	769.377365	
355.460325	769.320164	
356.833125	767.955365	
356.885325	767.895164	
356.907326	767.841163	
358.322325	766.458164	
358.344326	766.404163	
359.715126	765.073364	
359.758327	765.022163	
359.758327	765.022163	
361.140127	763.648363	
361.183327	763.597163	
361.205327	763.543162	
362.585127	762.203362	
362.625328	762.155162	
362.679328	762.101161	
362.692327	762.098162	
363.982127	762.095872	
364.016128	762.058872	
364.061329	762.005670	
364.115330	761.951669	
365.426128	760.648871	
365.484328	760.582671	
365.484329	760.582671	
366.859129	759.215871	
366.913329	759.153671	
366.913330	759.153670	
368.313129	757.761870	
368.361330	757.705670	
368.383330	757.651669	
369.742130	756.332870	
369.780330	756.286669	
369.802331	756.232668	
369.857330	756.219670	
371.000000	756.218527	
371.147130	756.217380	
371.169130	756.192380	
371.212331	756.141179	
371.212331	756.141179	
372.651331	754.702179	
372.673332	754.648178	
374.039131	753.322379	
374.078332	753.275178	
374.100332	753.221177	
374.156331	753.207179	
375.446131	753.204889	
375.456132	753.191888	
375.526332	753.113688	
375.548333	753.059687	
376.896133	751.751887	
376.957333	751.682687	
377.011334	751.628686	
378.345134	750.302886	
378.377334	750.262686	
378.399335	750.208685	
378.455334	750.194686	
379.745134	750.192397	
379.783134	750.151396	
379.818334	750.108196	
379.840335	750.054195	
381.204134	748.730396	
381.248335	748.678196	
381.270335	748.624195	
382.626135	747.308395	
382.682335	747.244195	
382.704336	747.190194	
384.061135	745.873395	
384.110336	745.816195	
384.132336	745.762194	
384.187335	745.749195	
385.477135	745.746905	
385.509136	745.711905	
385.555337	745.657704	
385.577338	745.603703	
386.979336	744.233704	
387.001337	744.179703	
388.377137	742.843904	
388.408337	742.804704	
388.430337	742.750703	
388.486337	742.736704	
389.776137	742.734414	
389.795138	742.712413	
389.850338	742.649212	
389.872339	742.595212	
391.238138	741.269412	
391.276339	741.223212	
391.298339	741.169211	
392.674139	739.833411	
392.708340	739.791211	
392.730341	739.737210	
392.785339	739.724211	
394.075139	739.721922	
394.096139	739.697922	
394.142340	739.643721	
394.164340	739.589720	
395.526140	738.267921	
395.579340	738.206720	
395.601341	738.152720	
396.962140	736.831920	
397.010341	736.775720	
397.032341	736.721720	
398.412141	735.381920	
398.441341	735.344720	
398.463342	735.290719	
399.821141	733.972919	
399.881342	733.904719	
399.903343	733.850718	
401.306342	732.479719	
401.328343	732.425718	
401.383341	732.412719	
402.673141	732.410430	
402.692142	732.388429	
402.746343	732.326228	
402.768343	732.272228	
404.134143	730.946428	
404.175344	730.897227	
404.197344	730.843227	
405.569144	729.511427	
405.609344	729.463227	
405.631345	729.409226	
406.986145	728.094426	
407.037345	728.035226	
407.059346	727.981225	
407.115345	727.967226	
408.405145	727.964937	
408.430145	727.936936	
408.483345	727.875736	
408.505346	727.821735	
409.859145	726.507936	
409.903346	726.455736	
409.925347	726.401735	
409.981345	726.387736	
411.000000	726.386717	
411.271145	726.385446	
411.304146	726.349445	
411.342346	726.303245	
411.364347	726.249245	
412.740146	724.913445	
412.773347	724.872245	
412.773347	724.872244	
414.153147	723.500445	
414.214347	723.431244	
414.268348	723.377243	
414.280347	723.375245	
415.570147	723.372955	
415.646348	723.285754	
415.668348	723.231753	
417.035148	721.904954	
417.069348	721.862753	
417.091349	721.808753	
417.146348	721.795754	
418.436148	721.793464	
418.447149	721.779463	
418.513349	721.705262	
418.535350	721.651262	
419.902149	720.324463	
419.934350	720.284262	
419.956351	720.230261	
420.012349	720.216263	
421.000000	720.215275	
421.302149	720.213973	
421.324150	720.188972	
421.372350	720.132772	
421.394351	720.078771	
422.772150	718.740972	
422.806351	718.698771	
422.828351	718.644771	
424.205151	717.307971	
424.240351	717.264771	
424.262352	717.210770	
425.639151	715.873971	
425.667352	715.837770	
425.689352	715.783770	
425.744351	715.770771	
427.034151	715.768481	
427.045152	715.754480	
427.099352	715.692280	
427.121353	715.638280	
427.177352	715.624280	
428.467152	715.621991	
428.491152	715.594990	
428.537353	715.540789	
428.537353	715.540789	
429.984353	714.093789	
430.006354	714.039788	
431.372153	712.713989	
431.399354	712.678788	
431.421355	712.624788	
431.476353	712.611789	
432.766153	712.609499	
432.786154	712.586498	
432.833354	712.531298	
432.833355	712.531298	
434.214155	711.158498	
434.275355	711.089297	
434.275356	711.089297	
435.654156	709.718497	
435.708357	709.656296	
435.762357	709.602295	
435.775356	709.599297	
437.065156	709.597007	
437.079156	709.580007	
437.140356	709.510807	
437.162357	709.456806	
438.537156	708.122006	
438.566357	708.084806	
438.588357	708.030805	
439.967157	706.692006	
439.996358	706.654805	
440.018359	706.600804	
440.074357	706.586806	
441.000000	706.585880	
441.364157	706.584516	
441.404157	706.541516	
441.439358	706.498315	
441.461358	706.444315	
442.809158	705.136515	
442.862358	705.075315	
442.884358	705.021315	
442.940358	705.007315	
444.230158	705.005025	
444.296359	704.927824	
444.318360	704.873823	
444.373358	704.860825	
445.663158	704.858536	
445.696159	704.822535	
445.741359	704.769334	
445.795360	704.715333	
447.128160	703.390534	
447.165360	703.345334	
447.187360	703.291333	
448.541160	701.977533	
448.597361	701.913332	
448.619362	701.859331	
449.975161	700.543532	
450.027362	700.483332	
450.049362	700.429331	
450.105361	700.415332	
451.000000	700.414438	
451.395161	700.413042	
451.433161	700.372042	
451.461362	700.335842	
451.483362	700.281841	
451.538361	700.268842	
452.828161	700.266552	
452.868162	700.223552	
452.908362	700.175351	
452.930363	700.121351	
454.276162	698.815551	
454.331363	698.752350	
454.353364	698.698350	
455.722163	697.369551	
455.765364	697.318350	
455.787365	697.264349	
457.148163	695.943550	
457.205364	695.878350	
457.227365	695.824349	
458.631364	694.452350	
458.653365	694.398349	
460.013164	693.078549	
460.071365	693.012349	
460.125366	692.958348	
461.462165	691.629548	
461.491366	691.592348	
461.513367	691.538347	
461.569365	691.524348	
462.859165	691.522059	
462.893166	691.485058	
462.928366	691.441858	
462.950367	691.387857	
464.326167	690.052057	
464.358367	690.011857	
464.380368	689.957856	
464.435367	689.944857	
465.725167	689.942567	
465.737167	689.927567	
465.793367	689.863367	
465.815368	689.809367	
467.176167	688.488567	
467.232368	688.424367	
467.254368	688.370366	
468.617168	687.047566	
468.656368	687.000366	
468.678369	686.946365	
468.734368	686.932366	
470.024168	686.930076	
470.055168	686.896076	
470.095369	686.847876	
470.117369	686.793875	
471.487169	685.464075	
471.524370	685.418875	
471.546371	685.364874	
472.956370	683.986875	
472.978370	683.932874	
473.033369	683.919875	
474.323169	683.917586	
474.333170	683.904585	
474.389370	683.840385	
474.411371	683.786384	
474.466370	683.773385	
475.756170	683.771095	
475.767171	683.757094	
475.827371	683.688893	
475.849372	683.634893	
477.218171	682.306093	
477.262372	682.253893	
477.284373	682.199892	
478.644172	680.880093	
478.691373	680.824892	
478.691373	680.824892	
480.071172	679.453092	
480.121373	679.394892	
480.143374	679.340891	
480.198372	679.327892	
481.000000	679.327091	
481.488172	679.325603	
481.515173	679.295602	
481.558373	679.244402	
481.580374	679.190401	
482.948174	677.862601	
482.991375	677.811400	
483.013376	677.757399	
484.383174	676.427601	
484.420374	676.382401	
484.442375	676.328400	
484.497374	676.315401	
485.787174	676.313111	
485.799174	676.298111	
485.873375	676.215910	
485.895376	676.161909	
487.290375	674.798910	
487.312376	674.744910	
488.665175	673.432110	
488.719376	673.369909	
488.741377	673.315909	
488.796375	673.302910	
490.086175	673.300620	
490.103176	673.280619	
490.151377	673.224419	
490.173378	673.170418	
490.229376	673.156419	
491.000000	673.155648	
491.519176	673.154129	
491.532177	673.138129	
491.596378	673.065928	
491.618379	673.011927	
492.986178	671.684128	
493.032378	671.629927	
493.086379	671.575927	
494.408178	670.262128	
494.456378	670.205928	
494.478379	670.151927	
495.851178	668.819127	
495.894379	668.767927	
495.916380	668.713926	
497.270179	667.400127	
497.318380	667.343926	
497.340380	667.289925	
498.697179	665.973126	
498.760380	665.901926	
498.782380	665.847925	
500.152180	664.518126	
500.186380	664.475925	
500.208381	664.421924	
501.631381	663.030925	
501.631381	663.030925	
503.010181	661.660125	
503.058381	661.603925	
503.080382	661.549924	
504.452182	660.218124	
504.482382	660.179924	
504.504383	660.125923	
504.559382	660.112924	
505.849182	660.110634	
505.876182	660.080633	
505.916383	660.032433	
505.938383	659.978432	
507.293183	658.663633	
507.348383	658.600433	
507.370384	658.546432	
507.425383	658.533433	
508.715183	658.531143	
508.732183	658.511143	
508.787383	658.447943	
508.809384	658.393942	
510.177184	657.066142	
510.217384	657.017942	
510.239385	656.963941	
511.604185	655.639141	
511.657385	655.577941	
511.711386	655.523940	
511.724385	655.520941	
513.014185	655.518652	
513.050185	655.479651	
513.088385	655.433451	
513.110386	655.379450	
514.469185	654.060651	
514.520386	654.001450	
514.542386	653.947450	
515.959386	652.562450	
516.013387	652.508449	
517.330186	651.199650	
517.386387	651.135449	
517.408388	651.081449	
518.762187	649.767649	
518.814388	649.707448	
518.836389	649.653447	
520.212188	648.317648	
520.254389	648.267447	
520.276390	648.213446	
521.648189	646.881647	
521.679390	646.842447	
521.701390	646.788446	
523.064189	645.465647	
523.119389	645.402447	
523.141390	645.348447	
524.507189	644.022647	
524.558390	643.963446	
524.612391	643.909445	
525.930190	642.599646	
525.988390	642.533446	
526.010391	642.479445	
527.372190	641.157646	
527.410391	641.111445	
527.432392	641.057444	
527.487390	641.044446	
528.777190	641.042156	
528.794191	641.022155	
528.844391	640.963955	
528.866392	640.909955	
530.280392	639.527955	
530.302392	639.473954	
531.680192	638.136154	
531.713393	638.094954	
531.735393	638.040953	
533.114193	636.702153	
533.148393	636.659953	
533.170394	636.605952	
534.520193	635.296153	
534.578394	635.229953	
534.600394	635.175952	
535.960194	633.856152	
536.013395	633.794952	
536.035396	633.740951	
537.391195	632.425152	
537.441395	632.366952	
537.463396	632.312951	
537.518395	632.299952	
538.808195	632.297662	
538.847195	632.255662	
538.885396	632.209461	
538.939396	632.155460	
538.951395	632.153462	
540.241195	632.151172	
540.268196	632.121171	
540.321396	632.059971	
540.343397	632.005970	
541.689196	630.700171	
541.740396	630.640970	
541.762397	630.586969	
541.817396	630.573971	
543.107196	630.571681	
543.134197	630.541680	
543.183397	630.484480	
543.205398	630.430479	
544.613397	629.054480	
544.635398	629.000479	
545.995197	627.680680	
546.040399	627.627478	
546.062400	627.573477	
547.434198	626.241679	
547.475399	626.192478	
547.497400	626.138477	
548.854199	624.821678	
548.905399	624.762478	
548.927400	624.708477	
548.982399	624.695478	
550.272199	624.693188	
550.311200	624.651187	
550.346400	624.607987	
550.368401	624.553986	
551.738200	623.224187	
551.782401	623.171986	
551.836401	623.117986	
551.848400	623.115987	
553.138200	623.113697	
553.176200	623.072697	
553.203400	623.037497	
553.225402	622.983496	
553.281400	622.969497	
554.571200	622.967207	
554.594201	622.941206	
554.637402	622.890006	
554.637402	622.890006	
556.022201	621.513206	
556.069402	621.458006	
556.091403	621.404005	
556.147401	621.390006	
557.437201	621.387716	
557.452202	621.369716	
557.502403	621.311515	
557.524404	621.257514	
557.580402	621.243516	
558.870202	621.241226	
558.936403	621.164025	
558.958403	621.110025	
559.013402	621.097026	
560.303202	621.094736	
560.322203	621.072735	
560.383404	621.003535	
560.437404	620.949534	
561.746204	619.648734	
561.804404	619.582534	
561.826405	619.528534	
563.189205	618.205734	
563.235405	618.151533	
563.257405	618.097533	
563.312405	618.084534	
564.602205	618.082244	
564.622205	618.059243	
564.673406	618.000042	
564.695407	617.946041	
566.065206	616.616243	
566.103406	616.570042	
566.125407	616.516041	
567.491206	615.190242	
567.535406	615.138042	
567.557407	615.084042	
568.918207	613.763242	
568.977408	613.696041	
569.031408	613.642040	
569.044407	613.639042	
570.334207	613.636752	
570.353207	613.614752	
570.402407	613.557552	
570.424408	613.503551	
571.796208	612.171751	
571.834409	612.125550	
571.856409	612.071549	
573.280408	610.679550	
573.334409	610.625550	
574.658209	609.309750	
574.700409	609.259549	
574.722410	609.205548	
576.093209	607.874749	
576.150410	607.809548	
576.204411	607.755548	
577.526210	606.441749	
577.583411	606.376548	
577.637411	606.322547	
578.956211	605.011748	
579.006412	604.953547	
579.028413	604.899546	
580.396211	603.571748	
580.444412	603.515547	
580.466413	603.461546	
581.816212	602.151747	
581.867412	602.092547	
581.889413	602.038546	
583.249212	600.718746	
583.300413	600.659546	
583.322414	600.605545	
584.682212	599.285746	
584.731413	599.228546	
584.731413	599.228546	
586.137213	597.830746	
586.164414	597.795545	
586.186415	597.741544	
587.608414	596.351545	
587.662414	596.297544	
589.001214	594.966745	
589.044414	594.915544	
589.044415	594.915544	
589.044415	594.915544	
590.409215	593.558744	
590.461415	593.498543	
590.461416	593.498543	
591.868216	592.099743	
591.908416	592.051542	
591.930417	591.997542	
593.297216	590.670742	
593.335417	590.624542	
593.357418	590.570541	
594.712217	589.255742	
594.776417	589.183541	
594.830418	589.129541	
596.143217	587.824742	
596.205417	587.754541	
596.205418	587.754541	
597.587218	586.380741	
597.626418	586.333540	
597.648419	586.279539	
597.704418	586.265541	
598.994218	586.263251	
599.006218	586.248251	
599.065418	586.181050	
599.087419	586.127049	
