18.640000000	982.791000	
27.238000000	972.759000	
27.241000000	972.759000	
32.987000000	969.888000	
47.316000000	965.576102	
56.051200000	964.532963	
57.437200000	963.241163	
57.459200000	963.124963	
58.871200000	961.712963	
58.925200000	961.658963	
58.925200000	961.647963	
58.925225000	961.647963	
60.344200000	960.239963	
61.641000000	960.239963	
61.696200000	958.940163	
61.718200000	958.865963	
63.139200000	957.444963	
63.193200000	957.390963	
63.193200000	957.379963	
63.193225000	957.379963	
66.036200000	955.834473	
67.477200000	955.679984	
67.531200000	955.625984	
67.531200000	955.614984	
67.531225000	955.614984	
68.865200000	954.350184	
68.887200000	954.269984	
70.322200000	952.834984	
70.376200000	952.780984	
70.376200000	952.769984	
70.376225000	952.769984	
71.773200000	951.383984	
71.827200000	951.329984	
71.827200000	951.318984	
71.827225000	951.318984	
73.205200000	949.951984	
74.594200000	949.908694	
74.616200000	949.827494	
75.963000000	949.773494	
76.086200000	948.357494	
77.463200000	948.267004	
77.517200000	948.213004	
77.517200000	948.202004	
77.517225000	948.202004	
78.902200000	946.828004	
78.956200000	946.774004	
78.956200000	946.763004	
78.956225000	946.763004	
80.350200000	945.380004	
80.404200000	945.326004	
80.404200000	945.315004	
80.404225000	945.315004	
81.761200000	943.969004	
81.815200000	943.915004	
81.815200000	943.904004	
81.815225000	943.904004	
83.199200000	942.531004	
83.253200000	942.477004	
83.253200000	942.466004	
83.253225000	942.466004	
84.645200000	941.151204	
84.667200000	941.063004	
86.057200000	939.673004	
86.111200000	939.619004	
86.111200000	939.608004	
86.111225000	939.608004	
87.499200000	939.517514	
87.553200000	939.463514	
87.553200000	939.452514	
87.553225000	939.452514	
88.978200000	938.038514	
90.314000000	938.024224	
90.344200000	937.986224	
90.366200000	937.937024	
91.804200000	937.785535	
91.858200000	937.731535	
91.858200000	937.720535	
91.858225000	937.720535	
93.253200000	936.336535	
94.657200000	936.219045	
94.711200000	936.165045	
94.711200000	936.154045	
94.711225000	936.154045	
96.087200000	934.789045	
96.141200000	934.735045	
96.141200000	934.724045	
96.141225000	934.724045	
97.561200000	934.601555	
98.972200000	934.477065	
99.026200000	934.423065	
99.026200000	934.412065	
99.026225000	934.412065	
100.423200000	933.026065	
101.836200000	931.613065	
101.890200000	931.559065	
101.890200000	931.548065	
101.890225000	931.548065	
103.292200000	930.157065	
104.642000000	930.126775	
104.687200000	930.048575	
104.741200000	929.994575	
104.741200000	929.983575	
104.741225000	929.983575	
106.123200000	928.612575	
106.177200000	928.558575	
106.177200000	928.547575	
106.177225000	928.547575	
107.558200000	927.177575	
107.612200000	927.123575	
107.612200000	927.112575	
107.612225000	927.112575	
108.986200000	925.749575	
109.040200000	925.695575	
109.040200000	925.684575	
109.040225000	925.684575	
110.423200000	924.312575	
110.477200000	924.258575	
110.477200000	924.247575	
110.477225000	924.247575	
111.856200000	922.879575	
111.910200000	922.825575	
111.910200000	922.814575	
111.910225000	922.814575	
113.288200000	921.447575	
113.342200000	921.393575	
113.342200000	921.382575	
113.342225000	921.382575	
114.710200000	920.082775	
114.732200000	920.003575	
116.182200000	918.553575	
118.965000000	918.433086	
119.049200000	916.973086	
120.452200000	916.856596	
120.506200000	916.802596	
120.506200000	916.791596	
120.506225000	916.791596	
121.887200000	915.421596	
121.941200000	915.367596	
121.941200000	915.356596	
121.941225000	915.356596	
123.315200000	913.993596	
123.369200000	913.939596	
123.369200000	913.928596	
123.369225000	913.928596	
124.782200000	913.813106	
126.218200000	912.377106	
127.626200000	912.255616	
127.680200000	912.201616	
127.680200000	912.190616	
127.680225000	912.190616	
129.046200000	910.835616	
129.100200000	910.781616	
129.100200000	910.770616	
129.100225000	910.770616	
130.485200000	910.724326	
130.507200000	910.661126	
131.901200000	909.302326	
131.923200000	909.245126	
133.286000000	909.185837	
133.349200000	909.105637	
133.403200000	909.051637	
133.403200000	909.040637	
133.403225000	909.040637	
134.785200000	907.669637	
134.839200000	907.615637	
134.839200000	907.604637	
134.839225000	907.604637	
136.200200000	906.294837	
136.222200000	906.232637	
137.646200000	906.095147	
137.700200000	906.041147	
137.700200000	906.030147	
137.700225000	906.030147	
139.082200000	904.659147	
139.136200000	904.605147	
139.136200000	904.594147	
139.136225000	904.594147	
140.518200000	903.223147	
140.572200000	903.169147	
140.572200000	903.158147	
140.572225000	903.158147	
141.955200000	901.786147	
142.009200000	901.732147	
142.009200000	901.721147	
142.009225000	901.721147	
143.382200000	900.359147	
143.436200000	900.305147	
143.436200000	900.294147	
143.436225000	900.294147	
144.841200000	898.900147	
146.242200000	898.785657	
146.296200000	898.731657	
146.296200000	898.720657	
146.296225000	898.720657	
147.615000000	898.715367	
147.665200000	898.696367	
147.687200000	898.627167	
149.149200000	898.451677	
150.531200000	898.403388	
150.553200000	898.334188	
151.979200000	898.194698	
152.033200000	898.140698	
152.033200000	898.129698	
152.033225000	898.129698	
153.409200000	896.764698	
153.463200000	896.710698	
153.463200000	896.699698	
153.463225000	896.699698	
154.846200000	895.327698	
154.900200000	895.273698	
154.900200000	895.262698	
154.900225000	895.262698	
156.274200000	893.899698	
156.328200000	893.845698	
156.328200000	893.834698	
156.328225000	893.834698	
157.743200000	893.717208	
159.144200000	893.602718	
159.198200000	893.548718	
159.198200000	893.537718	
159.198225000	893.537718	
160.584200000	892.162718	
160.638200000	892.108718	
160.638200000	892.097718	
160.638225000	892.097718	
161.952000000	892.097718	
162.010200000	890.736718	
162.064200000	890.682718	
162.064200000	890.671718	
162.064225000	890.671718	
163.476200000	889.270718	
166.312200000	887.721228	
166.366200000	887.667228	
166.366200000	887.656228	
166.366225000	887.656228	
167.738200000	886.295228	
167.792200000	886.241228	
167.792200000	886.230228	
167.792225000	886.230228	
169.182200000	886.137739	
169.236200000	886.083739	
169.236200000	886.072739	
169.236225000	886.072739	
170.611200000	884.708739	
170.665200000	884.654739	
170.665200000	884.643739	
170.665225000	884.643739	
173.470200000	881.849739	
173.524200000	881.795739	
173.524200000	881.784739	
173.524225000	881.784739	
174.893200000	881.751449	
174.915200000	881.691249	
176.294000000	881.637249	
176.324200000	880.309449	
176.346200000	880.260249	
177.769200000	880.123759	
177.823200000	880.069759	
177.823200000	880.058759	
177.823225000	880.058759	
179.206200000	879.973269	
179.260200000	879.919269	
179.260200000	879.908269	
179.260225000	879.908269	
180.638200000	878.541269	
180.692200000	878.487269	
180.692200000	878.476269	
180.692225000	878.476269	
182.070200000	877.109269	
182.124200000	877.055269	
182.124200000	877.044269	
182.124225000	877.044269	
183.505200000	875.674269	
183.559200000	875.620269	
183.559200000	875.609269	
183.559225000	875.609269	
184.934200000	874.245269	
184.988200000	874.191269	
184.988200000	874.180269	
184.988225000	874.180269	
186.362200000	874.155979	
186.384200000	874.081779	
187.808200000	872.657779	
187.862200000	872.603779	
187.862200000	872.592779	
187.862225000	872.592779	
189.245200000	871.220779	
189.299200000	871.166779	
189.299200000	871.155779	
189.299225000	871.155779	
190.617000000	871.155779	
190.667200000	869.798779	
190.721200000	869.744779	
190.721200000	869.733779	
190.721225000	869.733779	
192.105200000	869.647290	
192.159200000	869.593290	
192.159200000	869.582290	
192.159225000	869.582290	
194.964200000	868.074800	
195.018200000	868.020800	
195.018200000	868.009800	
195.018225000	868.009800	
196.409200000	867.916310	
196.463200000	867.862310	
196.463200000	867.851310	
196.463225000	867.851310	
197.833200000	866.492310	
197.887200000	866.438310	
197.887200000	866.427310	
197.887225000	866.427310	
199.270200000	865.055310	
199.324200000	865.001310	
199.324200000	864.990310	
199.324225000	864.990310	
200.697200000	863.628310	
200.751200000	863.574310	
200.751200000	863.563310	
200.751225000	863.563310	
202.137200000	863.474820	
202.191200000	863.420820	
202.191200000	863.409820	
202.191225000	863.409820	
203.565200000	862.046820	
203.619200000	861.992820	
203.619200000	861.981820	
203.619225000	861.981820	
204.932000000	861.981820	
205.000200000	860.611820	
205.054200000	860.557820	
205.054200000	860.546820	
205.054225000	860.546820	
206.428200000	859.183820	
206.482200000	859.129820	
206.482200000	859.118820	
206.482225000	859.118820	
207.861200000	859.037330	
207.915200000	858.983330	
207.915200000	858.972330	
207.915225000	858.972330	
209.322200000	858.862841	
209.376200000	858.808841	
209.376200000	858.797841	
209.376225000	858.797841	
210.734200000	857.450841	
210.788200000	857.396841	
210.788200000	857.385841	
210.788225000	857.385841	
212.161200000	856.023841	
212.215200000	855.969841	
212.215200000	855.958841	
212.215225000	855.958841	
213.595200000	855.876351	
213.649200000	855.822351	
213.649200000	855.811351	
213.649225000	855.811351	
215.037200000	854.434351	
215.091200000	854.380351	
215.091200000	854.369351	
215.091225000	854.369351	
216.470200000	853.001351	
216.524200000	852.947351	
216.524200000	852.936351	
216.524225000	852.936351	
217.898200000	851.573351	
217.952200000	851.519351	
217.952200000	851.508351	
217.952225000	851.508351	
219.267000000	851.508351	
219.326200000	850.145351	
219.380200000	850.091351	
219.380200000	850.080351	
219.380225000	850.080351	
220.758200000	849.999861	
220.812200000	849.945861	
220.812200000	849.934861	
220.812225000	849.934861	
222.194200000	849.850371	
222.248200000	849.796371	
222.248200000	849.785371	
222.248225000	849.785371	
223.628200000	848.416371	
223.682200000	848.362371	
223.682200000	848.351371	
223.682225000	848.351371	
225.074200000	846.970371	
225.128200000	846.916371	
225.128200000	846.905371	
225.128225000	846.905371	
226.493200000	845.551371	
226.547200000	845.497371	
226.547200000	845.486371	
226.547225000	845.486371	
227.923200000	844.121371	
227.977200000	844.067371	
227.977200000	844.056371	
227.977225000	844.056371	
229.364200000	843.966881	
229.418200000	843.912881	
229.418200000	843.901881	
229.418225000	843.901881	
230.790200000	842.540881	
230.844200000	842.486881	
230.844200000	842.475881	
230.844225000	842.475881	
232.240200000	842.377392	
232.294200000	842.323392	
232.294200000	842.312392	
232.294225000	842.312392	
233.598000000	842.312392	
233.656200000	840.961392	
233.710200000	840.907392	
233.710200000	840.896392	
233.710225000	840.896392	
235.094200000	840.809902	
235.148200000	840.755902	
235.148200000	840.744902	
235.148225000	840.744902	
236.523200000	839.380902	
236.577200000	839.326902	
236.577200000	839.315902	
236.577225000	839.315902	
237.961200000	837.942902	
238.015200000	837.888902	
238.015200000	837.877902	
238.015225000	837.877902	
239.387200000	836.516902	
239.441200000	836.462902	
239.441200000	836.451902	
239.441225000	836.451902	
240.829200000	836.361412	
240.883200000	836.307412	
240.883200000	836.296412	
240.883225000	836.296412	
242.254200000	834.936412	
242.308200000	834.882412	
242.308200000	834.871412	
242.308225000	834.871412	
243.691200000	834.785922	
243.745200000	834.731922	
243.745200000	834.720922	
243.745225000	834.720922	
245.120200000	833.356922	
245.174200000	833.302922	
245.174200000	833.291922	
245.174225000	833.291922	
246.566200000	833.197432	
246.620200000	833.143432	
246.620200000	833.132432	
246.620225000	833.132432	
247.948000000	833.132432	
247.996200000	831.767432	
248.050200000	831.713432	
248.050200000	831.702432	
248.050225000	831.702432	
249.432200000	830.331432	
249.486200000	830.277432	
249.486200000	830.266432	
249.486225000	830.266432	
250.853200000	828.910432	
250.907200000	828.856432	
250.907200000	828.845432	
250.907225000	828.845432	
252.291200000	827.472432	
252.345200000	827.418432	
252.345200000	827.407432	
252.345225000	827.407432	
253.731200000	826.032432	
253.785200000	825.978432	
253.785200000	825.967432	
253.785225000	825.967432	
255.157200000	824.606432	
255.211200000	824.552432	
255.211200000	824.541432	
255.211225000	824.541432	
256.588200000	823.175432	
256.642200000	823.121432	
256.642200000	823.110432	
256.642225000	823.110432	
258.020200000	821.743432	
258.074200000	821.689432	
258.074200000	821.678432	
258.074225000	821.678432	
259.466200000	820.297432	
259.520200000	820.243432	
259.520200000	820.232432	
259.520225000	820.232432	
260.897200000	818.866432	
260.951200000	818.812432	
260.951200000	818.801432	
260.951225000	818.801432	
262.257000000	818.801432	
262.320200000	817.443432	
262.374200000	817.389432	
262.374200000	817.378432	
262.374225000	817.378432	
263.750200000	816.013432	
263.804200000	815.959432	
263.804200000	815.948432	
263.804225000	815.948432	
265.183200000	814.580432	
265.237200000	814.526432	
265.237200000	814.515432	
265.237225000	814.515432	
266.614200000	813.149432	
266.668200000	813.095432	
266.668200000	813.084432	
266.668225000	813.084432	
268.047200000	813.002943	
268.101200000	812.948943	
268.101200000	812.937943	
268.101225000	812.937943	
269.482200000	812.854453	
269.536200000	812.800453	
269.536200000	812.789453	
269.536225000	812.789453	
270.925200000	811.411453	
270.979200000	811.357453	
270.979200000	811.346453	
270.979225000	811.346453	
272.357200000	809.979453	
272.411200000	809.925453	
272.411200000	809.914453	
272.411225000	809.914453	
273.780200000	808.556453	
273.834200000	808.502453	
273.834200000	808.491453	
273.834225000	808.491453	
275.217200000	808.405963	
275.271200000	808.351963	
275.271200000	808.340963	
275.271225000	808.340963	
276.584000000	808.340963	
276.650200000	806.972963	
276.704200000	806.918963	
276.704200000	806.907963	
276.704225000	806.907963	
278.078200000	805.544963	
278.132200000	805.490963	
278.132200000	805.479963	
278.132225000	805.479963	
279.516200000	805.393473	
279.570200000	805.339473	
279.570200000	805.328473	
279.570225000	805.328473	
280.948200000	803.961473	
281.002200000	803.907473	
281.002200000	803.896473	
281.002225000	803.896473	
282.384200000	802.525473	
282.438200000	802.471473	
282.438200000	802.460473	
282.438225000	802.460473	
283.820200000	801.089473	
283.874200000	801.035473	
283.874200000	801.024473	
283.874225000	801.024473	
285.243200000	799.666473	
285.297200000	799.612473	
285.297200000	799.601473	
285.297225000	799.601473	
286.686200000	799.509983	
286.740200000	799.455983	
286.740200000	799.444983	
286.740225000	799.444983	
288.115200000	798.080983	
288.169200000	798.026983	
288.169200000	798.015983	
288.169225000	798.015983	
289.552200000	796.643983	
289.606200000	796.589983	
289.606200000	796.578983	
289.606225000	796.578983	
290.910000000	796.578983	
290.987200000	795.208983	
291.041200000	795.154983	
291.041200000	795.143983	
291.041225000	795.143983	
292.411200000	793.784983	
292.465200000	793.730983	
292.465200000	793.719983	
292.465225000	793.719983	
293.847200000	792.348983	
293.901200000	792.294983	
293.901200000	792.283983	
293.901225000	792.283983	
295.280200000	790.915983	
295.334200000	790.861983	
295.334200000	790.850983	
295.334225000	790.850983	
296.707200000	789.488983	
296.761200000	789.434983	
296.761200000	789.423983	
296.761225000	789.423983	
298.140200000	789.342494	
298.194200000	789.288494	
298.194200000	789.277494	
298.194225000	789.277494	
299.573200000	789.196004	
299.627200000	789.142004	
299.627200000	789.131004	
299.627225000	789.131004	
301.008200000	789.047514	
301.062200000	788.993514	
301.062200000	788.982514	
301.062225000	788.982514	
302.443200000	787.612514	
302.497200000	787.558514	
302.497200000	787.547514	
302.497225000	787.547514	
303.874200000	786.181514	
303.928200000	786.127514	
303.928200000	786.116514	
303.928225000	786.116514	
305.252000000	786.116514	
306.761200000	784.581024	
306.815200000	784.527024	
306.815200000	784.516024	
306.815225000	784.516024	
308.181200000	783.161024	
308.235200000	783.107024	
308.235200000	783.096024	
308.235225000	783.096024	
309.607200000	781.735024	
309.661200000	781.681024	
309.661200000	781.670024	
309.661225000	781.670024	
311.049200000	780.293024	
311.103200000	780.239024	
311.103200000	780.228024	
311.103225000	780.228024	
312.471200000	778.871024	
312.525200000	778.817024	
312.525200000	778.806024	
312.525225000	778.806024	
313.903200000	778.725534	
313.957200000	778.671534	
313.957200000	778.660534	
313.957225000	778.660534	
315.343200000	778.572045	
315.397200000	778.518045	
315.397200000	778.507045	
315.397225000	778.507045	
316.770200000	777.145045	
316.824200000	777.091045	
316.824200000	777.080045	
316.824225000	777.080045	
318.202200000	776.999555	
318.256200000	776.945555	
318.256200000	776.934555	
318.256225000	776.934555	
319.577000000	776.929265	
319.638200000	776.850065	
319.692200000	776.796065	
319.692200000	776.785065	
319.692225000	776.785065	
322.503200000	775.271575	
322.557200000	775.217575	
322.557200000	775.206575	
322.557225000	775.206575	
323.945200000	773.829575	
323.999200000	773.775575	
323.999200000	773.764575	
323.999225000	773.764575	
325.367200000	772.407575	
325.421200000	772.353575	
325.421200000	772.342575	
325.421225000	772.342575	
328.242200000	772.105596	
328.296200000	772.051596	
328.296200000	772.040596	
328.296225000	772.040596	
329.674200000	770.673596	
329.728200000	770.619596	
329.728200000	770.608596	
329.728225000	770.608596	
331.099200000	769.248596	
331.153200000	769.194596	
331.153200000	769.183596	
331.153225000	769.183596	
332.537200000	769.097106	
332.591200000	769.043106	
332.591200000	769.032106	
332.591225000	769.032106	
333.925000000	769.032106	
333.965200000	767.669106	
334.019200000	767.615106	
334.019200000	767.604106	
334.019225000	767.604106	
335.399200000	766.235106	
335.453200000	766.181106	
335.453200000	766.170106	
335.453225000	766.170106	
336.839200000	764.795106	
336.893200000	764.741106	
336.893200000	764.730106	
336.893225000	764.730106	
338.267200000	763.367106	
338.321200000	763.313106	
338.321200000	763.302106	
338.321225000	763.302106	
339.700200000	761.934106	
339.754200000	761.880106	
339.754200000	761.869106	
339.754225000	761.869106	
341.131200000	760.503106	
341.185200000	760.449106	
341.185200000	760.438106	
341.185225000	760.438106	
342.575200000	759.059106	
342.629200000	759.005106	
342.629200000	758.994106	
342.629225000	758.994106	
344.008200000	757.626106	
344.062200000	757.572106	
344.062200000	757.561106	
344.062225000	757.561106	
345.446200000	756.188106	
345.500200000	756.134106	
345.500200000	756.123106	
345.500225000	756.123106	
346.862200000	754.772106	
346.916200000	754.718106	
346.916200000	754.707106	
346.916225000	754.707106	
348.259000000	754.707106	
348.296200000	753.338106	
348.350200000	753.284106	
348.350200000	753.273106	
348.350225000	753.273106	
349.729200000	753.191616	
349.783200000	753.137616	
349.783200000	753.126616	
349.783225000	753.126616	
351.170200000	753.037126	
351.224200000	752.983126	
351.224200000	752.972126	
351.224225000	752.972126	
352.599200000	751.608126	
352.653200000	751.554126	
352.653200000	751.543126	
352.653225000	751.543126	
354.035200000	750.172126	
354.089200000	750.118126	
354.089200000	750.107126	
354.089225000	750.107126	
355.461200000	748.746126	
355.515200000	748.692126	
355.515200000	748.681126	
355.515225000	748.681126	
356.912200000	748.581636	
356.966200000	748.527636	
356.966200000	748.516636	
356.966225000	748.516636	
358.335200000	747.158636	
358.389200000	747.104636	
358.389200000	747.093636	
358.389225000	747.093636	
359.767200000	745.726636	
359.821200000	745.672636	
359.821200000	745.661636	
359.821225000	745.661636	
361.195200000	744.298636	
361.249200000	744.244636	
361.249200000	744.233636	
361.249225000	744.233636	
362.586000000	744.233636	
362.628200000	742.865636	
362.682200000	742.811636	
362.682200000	742.800636	
362.682225000	742.800636	
364.073200000	741.420636	
364.127200000	741.366636	
364.127200000	741.355636	
364.127225000	741.355636	
365.499200000	739.994636	
365.553200000	739.940636	
365.553200000	739.929636	
365.553225000	739.929636	
366.930200000	738.563636	
366.984200000	738.509636	
366.984200000	738.498636	
366.984225000	738.498636	
368.357200000	737.136636	
368.411200000	737.082636	
368.411200000	737.071636	
368.411225000	737.071636	
369.809200000	736.971147	
369.863200000	736.917147	
369.863200000	736.906147	
369.863225000	736.906147	
371.228200000	735.552147	
371.282200000	735.498147	
371.282200000	735.487147	
371.282225000	735.487147	
372.669200000	734.111147	
372.723200000	734.057147	
372.723200000	734.046147	
372.723225000	734.046147	
374.112200000	732.668147	
374.166200000	732.614147	
374.166200000	732.603147	
374.166225000	732.603147	
375.523200000	731.257147	
375.577200000	731.203147	
375.577200000	731.192147	
375.577225000	731.192147	
376.917000000	731.187857	
376.956200000	731.110657	
377.010200000	731.056657	
377.010200000	731.045657	
377.010225000	731.045657	
378.400200000	730.953167	
378.454200000	730.899167	
378.454200000	730.888167	
378.454225000	730.888167	
379.822200000	729.531167	
379.876200000	729.477167	
379.876200000	729.466167	
379.876225000	729.466167	
381.254200000	729.385677	
381.308200000	729.331677	
381.308200000	729.320677	
381.308225000	729.320677	
382.688200000	729.238187	
382.742200000	729.184187	
382.742200000	729.173187	
382.742225000	729.173187	
384.123200000	729.089698	
384.177200000	729.035698	
384.177200000	729.024698	
384.177225000	729.024698	
385.564200000	727.648698	
385.618200000	727.594698	
385.618200000	727.583698	
385.618225000	727.583698	
386.986200000	726.226698	
387.040200000	726.172698	
387.040200000	726.161698	
387.040225000	726.161698	
388.423200000	726.076208	
388.477200000	726.022208	
388.477200000	726.011208	
388.477225000	726.011208	
389.852200000	724.647208	
389.906200000	724.593208	
389.906200000	724.582208	
389.906225000	724.582208	
391.229000000	724.576918	
391.288200000	724.497718	
391.342200000	724.443718	
391.342200000	724.432718	
391.342225000	724.432718	
392.722200000	723.063718	
392.776200000	723.009718	
392.776200000	722.998718	
392.776225000	722.998718	
394.161200000	721.624718	
394.215200000	721.570718	
394.215200000	721.559718	
394.215225000	721.559718	
395.585200000	720.200718	
395.639200000	720.146718	
395.639200000	720.135718	
395.639225000	720.135718	
397.019200000	720.053228	
397.073200000	719.999228	
397.073200000	719.988228	
397.073225000	719.988228	
398.464200000	718.608228	
398.518200000	718.554228	
398.518200000	718.543228	
398.518225000	718.543228	
399.902200000	717.170228	
399.956200000	717.116228	
399.956200000	717.105228	
399.956225000	717.105228	
402.755200000	715.603738	
402.809200000	715.549738	
402.809200000	715.538738	
402.809225000	715.538738	
404.188200000	714.170738	
404.242200000	714.116738	
404.242200000	714.105738	
404.242225000	714.105738	
405.569000000	714.105738	
405.616200000	712.742738	
405.670200000	712.688738	
405.670200000	712.677738	
405.670225000	712.677738	
407.050200000	712.595249	
407.104200000	712.541249	
407.104200000	712.530249	
407.104225000	712.530249	
408.501200000	711.144249	
408.555200000	711.090249	
408.555200000	711.079249	
408.555225000	711.079249	
409.914200000	709.731249	
409.968200000	709.677249	
409.968200000	709.666249	
409.968225000	709.666249	
411.348200000	709.583759	
411.402200000	709.529759	
411.402200000	709.518759	
411.402225000	709.518759	
412.785200000	709.433269	
412.839200000	709.379269	
412.839200000	709.368269	
412.839225000	709.368269	
414.215200000	708.003269	
414.269200000	707.949269	
414.269200000	707.938269	
414.269225000	707.938269	
415.646200000	706.572269	
415.700200000	706.518269	
415.700200000	706.507269	
415.700225000	706.507269	
417.083200000	706.421779	
417.137200000	706.367779	
417.137200000	706.356779	
417.137225000	706.356779	
418.512200000	704.992779	
418.566200000	704.938779	
418.566200000	704.927779	
418.566225000	704.927779	
419.903000000	704.922489	
419.953200000	704.838289	
420.007200000	704.784289	
420.007200000	704.773289	
420.007225000	704.773289	
421.385200000	703.406289	
421.439200000	703.352289	
421.439200000	703.341289	
421.439225000	703.341289	
422.814200000	701.977289	
422.868200000	701.923289	
422.868200000	701.912289	
422.868225000	701.912289	
424.258200000	700.533289	
424.312200000	700.479289	
424.312200000	700.468289	
424.312225000	700.468289	
425.677200000	699.114289	
425.731200000	699.060289	
425.731200000	699.049289	
425.731225000	699.049289	
427.110200000	698.967800	
427.164200000	698.913800	
427.164200000	698.902800	
427.164225000	698.902800	
429.985200000	698.665820	
430.039200000	698.611820	
430.039200000	698.600820	
430.039225000	698.600820	
431.410200000	697.240820	
431.464200000	697.186820	
431.464200000	697.175820	
431.464225000	697.175820	
432.853200000	697.084330	
432.907200000	697.030330	
432.907200000	697.019330	
432.907225000	697.019330	
434.237000000	697.019330	
434.276200000	695.661330	
434.330200000	695.607330	
434.330200000	695.596330	
434.330225000	695.596330	
435.723200000	695.500840	
435.777200000	695.446840	
435.777200000	695.435840	
435.777225000	695.435840	
437.143200000	694.080840	
437.197200000	694.026840	
437.197200000	694.015840	
437.197225000	694.015840	
438.575200000	692.648840	
438.629200000	692.594840	
438.629200000	692.583840	
438.629225000	692.583840	
440.012200000	692.498351	
440.066200000	692.444351	
440.066200000	692.433351	
440.066225000	692.433351	
441.440200000	691.070351	
441.494200000	691.016351	
441.494200000	691.005351	
441.494225000	691.005351	
442.878200000	690.918861	
442.932200000	690.864861	
442.932200000	690.853861	
442.932225000	690.853861	
444.307200000	689.489861	
444.361200000	689.435861	
444.361200000	689.424861	
444.361225000	689.424861	
445.746200000	689.337371	
445.800200000	689.283371	
445.800200000	689.272371	
445.800225000	689.272371	
447.181200000	687.902371	
447.235200000	687.848371	
447.235200000	687.837371	
447.235225000	687.837371	
448.551000000	687.837371	
448.605200000	686.478371	
448.659200000	686.424371	
448.659200000	686.413371	
448.659225000	686.413371	
450.044200000	686.325881	
450.098200000	686.271881	
450.098200000	686.260881	
450.098225000	686.260881	
451.482200000	684.887881	
451.536200000	684.833881	
451.536200000	684.822881	
451.536225000	684.822881	
452.905200000	683.464881	
452.959200000	683.410881	
452.959200000	683.399881	
452.959225000	683.399881	
454.340200000	683.316391	
454.394200000	683.262391	
454.394200000	683.251391	
454.394225000	683.251391	
455.776200000	681.880391	
455.830200000	681.826391	
455.830200000	681.815391	
455.830225000	681.815391	
457.219200000	680.437391	
457.273200000	680.383391	
457.273200000	680.372391	
457.273225000	680.372391	
458.640200000	679.016391	
458.694200000	678.962391	
458.694200000	678.951391	
458.694225000	678.951391	
460.069200000	677.587391	
460.123200000	677.533391	
460.123200000	677.522391	
460.123225000	677.522391	
461.505200000	677.437902	
461.559200000	677.383902	
461.559200000	677.372902	
461.559225000	677.372902	
462.897000000	677.372902	
464.369200000	675.860412	
464.423200000	675.806412	
464.423200000	675.795412	
464.423225000	675.795412	
465.803200000	675.712922	
465.857200000	675.658922	
465.857200000	675.647922	
465.857225000	675.647922	
467.244200000	674.271922	
467.298200000	674.217922	
467.298200000	674.206922	
467.298225000	674.206922	
468.667200000	672.848922	
468.721200000	672.794922	
468.721200000	672.783922	
468.721225000	672.783922	
470.103200000	672.699432	
470.157200000	672.645432	
470.157200000	672.634432	
470.157225000	672.634432	
471.535200000	671.267432	
471.589200000	671.213432	
471.589200000	671.202432	
471.589225000	671.202432	
472.981200000	669.821432	
473.035200000	669.767432	
473.035200000	669.756432	
473.035225000	669.756432	
474.400200000	668.402432	
474.454200000	668.348432	
474.454200000	668.337432	
474.454225000	668.337432	
475.836200000	668.252942	
475.890200000	668.198942	
475.890200000	668.187942	
475.890225000	668.187942	
477.204000000	668.187942	
477.266200000	666.822942	
477.320200000	666.768942	
477.320200000	666.757942	
477.320225000	666.757942	
478.710200000	666.665453	
478.764200000	666.611453	
478.764200000	666.600453	
478.764225000	666.600453	
480.135200000	665.240453	
480.189200000	665.186453	
480.189200000	665.175453	
480.189225000	665.175453	
481.569200000	663.806453	
481.623200000	663.752453	
481.623200000	663.741453	
481.623225000	663.741453	
484.432200000	662.229963	
484.486200000	662.175963	
484.486200000	662.164963	
484.486225000	662.164963	
485.876200000	660.785963	
485.930200000	660.731963	
485.930200000	660.720963	
485.930225000	660.720963	
487.304200000	659.357963	
487.358200000	659.303963	
487.358200000	659.292963	
487.358225000	659.292963	
488.729200000	657.932963	
488.783200000	657.878963	
488.783200000	657.867963	
488.783225000	657.867963	
490.171200000	657.777473	
490.225200000	657.723473	
490.225200000	657.712473	
490.225225000	657.712473	
491.536000000	657.712473	
491.605200000	656.343473	
491.659200000	656.289473	
491.659200000	656.278473	
491.659225000	656.278473	
493.034200000	654.914473	
493.088200000	654.860473	
493.088200000	654.849473	
493.088225000	654.849473	
494.477200000	653.471473	
494.531200000	653.417473	
494.531200000	653.406473	
494.531225000	653.406473	
495.898200000	652.050473	
495.952200000	651.996473	
495.952200000	651.985473	
495.952225000	651.985473	
497.347200000	650.601473	
497.401200000	650.547473	
497.401200000	650.536473	
497.401225000	650.536473	
498.768200000	649.180473	
498.822200000	649.126473	
498.822200000	649.115473	
498.822225000	649.115473
