50.000375	949.998777	
50.001897	949.997255	
50.005392	949.993920	
50.006857	949.992839	
50.007870	949.991826	
50.008404	949.990748	
50.009666	949.989486	
50.010988	949.988164	
50.012571	949.987077	
50.013247	949.985937	
50.015631	949.984017	
50.016307	949.983005	
50.017741	949.981955	
50.018882	949.980814	
50.019776	949.979872	
50.020452	949.978524	
50.022203	949.977493	
50.023551	949.976145	
52.000375	947.998777	
52.004416	947.995232	
52.005092	947.994092	
52.006403	947.992749	
52.008659	947.990493	
52.010181	947.989467	
52.010858	947.988454	
52.012492	947.987204	
52.013633	947.986063	
52.014267	947.985381	
52.014943	947.984033	
52.017674	947.981974	
52.018351	947.980961	
52.019845	947.979851	
52.021194	947.978502	
55.003871	944.995777	
55.004547	944.994429	
55.006438	944.993258	
55.007786	944.991910	
60.559062	939.440586	
60.559739	939.439237	
60.561949	939.437747	
60.563298	939.436398	
69.010376	930.988776	
69.014271	930.985377	
69.014948	930.984236	
69.016570	930.983126	
69.017710	930.981986	
69.018569	930.980583	
69.019931	930.979717	
69.020607	930.978369	
69.022458	930.977238	
69.023806	930.975890	
69.024684	930.974468	
72.756356	927.242796	
72.767810	927.231838	
72.768486	927.230698	
72.770409	927.229287	
72.771549	927.228147	
72.772063	927.227585	
72.772740	927.226236	
72.774178	927.224974	
72.775518	927.224178	
72.776867	927.222829	
72.777905	927.221247	
78.008358	921.991290	
78.009034	921.989942	
78.011225	921.988471	
78.012573	921.987123	
83.479549	916.519603	
83.490545	916.509103	
83.491221	916.507963	
83.492884	916.506812	
83.494024	916.505672	
83.494678	916.504970	
83.495355	916.503621	
83.497305	916.502391	
83.498653	916.501043	
83.499532	916.499620	
83.500834	916.498318	
84.447034	915.552614	
84.447710	915.551266	
84.449821	915.549875	
84.451169	915.548527	
96.257503	903.741649	
96.268555	903.731093	
96.269231	903.729953	
96.270853	903.728843	
96.271994	903.727702	
96.272428	903.727220	
96.273104	903.725872	
96.274606	903.724546	
96.276087	903.723609	
96.277435	903.722261	
96.278233	903.720919	
96.789655	903.209497	
96.796290	903.203358	
96.796967	903.202217	
96.798689	903.201007	
96.799830	903.199866	
96.800264	903.199384	
96.800940	903.198036	
96.802538	903.196614	
96.804119	903.195577	
96.805467	903.194229	
96.806525	903.192627	
102.380052	897.619596	
102.380729	897.618247	
102.383079	897.616617	
102.384428	897.615268	
105.138496	894.861152	
105.139172	894.859804	
105.141243	894.858453	
105.142591	894.857105	
115.506153	884.492999	
115.517963	884.481685	
115.518639	884.480545	
115.520069	884.479083	
115.521590	884.478106	
115.522730	884.476966	
115.523164	884.476484	
115.523841	884.475135	
115.525911	884.473785	
115.527259	884.472437	
115.528178	884.470974	
119.746606	880.252546	
119.748801	880.250847	
119.749478	880.249706	
119.750728	880.248424	
119.752148	880.247548	
119.753289	880.246407	
119.754163	880.245485	
119.754839	880.244137	
119.756770	880.242926	
119.758118	880.241578	
119.758856	880.240296	
127.754858	872.244294	
127.764929	872.234719	
127.765605	872.233579	
127.767628	872.232068	
127.768768	872.230928	
127.769242	872.230406	
127.769919	872.229057	
127.771889	872.227807	
127.773237	872.226459	
127.774336	872.224816	
127.775718	872.223434	
133.227974	866.771178	
133.235800	866.763848	
133.236476	866.762708	
133.238338	866.761358	
133.239479	866.760217	
133.240213	866.759435	
133.240889	866.758087	
133.242680	866.757016	
133.244028	866.755668	
133.245126	866.754026	
133.246489	866.752663	
138.081789	861.917363	
138.091651	861.907997	
138.092328	861.906856	
138.093950	861.905746	
138.095091	861.904605	
138.095985	861.903663	
138.096661	861.902315	
138.098871	861.900825	
138.100220	861.899476	
138.100978	861.898174	
138.102461	861.896691	
140.772168	859.227480	
140.772845	859.226131	
140.774895	859.224801	
140.776244	859.223452	
144.701192	855.298456	
144.701868	855.297108	
144.703699	855.295997	
144.705047	855.294649	
146.761796	853.237852	
146.762472	853.236504	
146.764322	853.235374	
146.765671	853.234025	
155.222787	844.776365	
155.228217	844.771431	
155.228893	844.770291	
155.230615	844.769081	
155.231756	844.767940	
155.232350	844.767298	
155.233026	844.765950	
155.234837	844.764859	
155.236185	844.763511	
155.237043	844.762109	
155.238566	844.760586	
155.826108	844.173540	
155.826785	844.172191	
155.828915	844.170781	
155.830264	844.169432	
169.667682	830.331470	
169.671512	830.328136	
169.672189	830.326995	
169.673419	830.325733	
169.674919	830.324777	
169.676060	830.323636	
169.676734	830.322914	
169.677410	830.321566	
169.679540	830.320156	
169.680889	830.318807	
169.681787	830.317365	
169.790967	830.208185	
169.802470	830.197178	
169.803146	830.196038	
169.805209	830.194487	
169.806349	830.193347	
169.806823	830.192825	
169.807500	830.191476	
169.809390	830.190306	
169.810738	830.188958	
169.811817	830.187335	
169.813239	830.185913	
175.472097	824.527551	
175.472773	824.526203	
175.474664	824.525032	
175.476012	824.523684	
175.875633	824.124015	
175.876309	824.122667	
175.878079	824.121617	
175.879428	824.120268	
184.543753	815.455895	
184.544430	815.454546	
184.546460	815.453236	
184.547809	815.451887	
190.186134	809.813018	
190.190261	809.809387	
190.190937	809.808247	
190.192620	809.807076	
190.193760	809.805936	
190.194334	809.805314	
190.195011	809.803965	
190.196589	809.802563	
190.197929	809.801767	
190.199278	809.800418	
190.200156	809.798996	
197.423867	802.575285	
197.430330	802.569318	
197.431006	802.568178	
197.432648	802.567048	
197.433789	802.565907	
197.434383	802.565265	
197.435059	802.563917	
197.436498	802.562654	
197.438058	802.561638	
197.439406	802.560290	
197.440385	802.558767	
201.639062	798.360090	
201.649523	798.350125	
201.650199	798.348985	
201.651982	798.347714	
201.653122	798.346574	
201.653476	798.346172	
201.654153	798.344823	
201.655983	798.343713	
201.657331	798.342365	
201.658110	798.341042	
201.659432	798.339720	
208.914015	791.085137	
208.924453	791.075195	
208.925129	791.074055	
208.926692	791.073004	
208.927832	791.071864	
208.928246	791.071402	
208.928922	791.070054	
208.930361	791.068791	
208.931681	791.068015	
208.933029	791.066667	
208.934048	791.065104	
215.063556	784.935596	
215.074829	784.924323	
215.076292	784.923356	
215.076968	784.922216	
215.078930	784.920766	
215.080071	784.919625	
215.080625	784.919023	
215.081301	784.917675	
215.083072	784.916624	
215.084420	784.915276	
215.085538	784.913614	
218.346190	781.653458	
218.346867	781.652109	
218.348777	781.650919	
218.350126	781.649570	
220.250418	779.749230	
220.251095	779.747881	
220.252985	779.746711	
220.254334	779.745362	
227.607823	772.391825	
227.608499	772.390477	
227.610770	772.388926	
227.612118	772.387578	
230.345705	769.653943	
230.346381	769.652595	
230.348492	769.651204	
230.349840	769.649856	
234.815990	765.183658	
234.816667	765.182309	
234.818817	765.180879	
234.820165	765.179531	
241.167151	758.832001	
241.175086	758.824562	
241.175763	758.823421	
241.177345	758.822351	
241.178486	758.821210	
241.178940	758.820708	
241.179616	758.819360	
241.181394	758.817758	
241.182695	758.817001	
241.184043	758.815653	
241.184881	758.814271	
246.781272	753.217880	
246.785862	753.213786	
246.786538	753.212646	
246.788361	753.211335	
246.789501	753.210195	
246.789995	753.209653	
246.790672	753.208304	
246.792150	753.207002	
246.793630	753.206066	
246.794979	753.204717	
246.795837	753.203315	
247.143608	752.856040	
247.144285	752.854691	
247.146395	752.853301	
247.147743	752.851953	
259.089392	740.909760	
259.094946	740.904702	
259.095622	740.903562	
259.097645	740.902051	
259.098785	740.900911	
259.099603	740.899549	
259.100985	740.898663	
259.101662	740.897314	
259.103240	740.895912	
259.104821	740.894875	
259.106169	740.893527	
259.146093	740.853059	
259.151571	740.847581	
259.152854	740.846794	
259.153530	740.845654	
259.155232	740.844464	
259.156373	740.843323	
259.157147	740.842501	
259.157823	740.841153	
259.159854	740.839842	
259.161202	740.838494	
259.162400	740.836752	
271.021210	728.977942	
271.027043	728.972605	
271.027719	728.971465	
271.029502	728.970194	
271.030642	728.969054	
271.031436	728.968212	
271.032112	728.966864	
271.033571	728.965581	
271.035291	728.964405	
271.036639	728.963057	
271.037478	728.961674	
272.838955	727.160197	
272.845139	727.154509	
272.845815	727.153369	
272.847366	727.151786	
272.848846	727.150850	
272.849986	727.149710	
272.850480	727.149168	
272.851157	727.147819	
272.853207	727.146489	
272.854556	727.145140	
272.855394	727.143758	
278.230393	721.769255	
278.231069	721.767907	
278.233160	721.766536	
278.234508	721.765188	
286.016287	713.982865	
286.019652	713.979996	
286.020328	713.978856	
286.022051	713.977645	
286.023191	713.976505	
286.023685	713.975963	
286.024362	713.974614	
286.025980	713.973172	
286.027420	713.972276	
286.028769	713.970927	
286.029827	713.969325	
291.310133	708.689019	
291.318567	708.681081	
291.319244	708.679940	
291.320986	708.678710	
291.322127	708.677569	
291.322881	708.676767	
291.323557	708.675419	
291.325015	708.674137	
291.326296	708.673400	
291.327644	708.672052	
291.328602	708.670550	
296.488633	703.511015	
296.489310	703.509666	
296.491660	703.508036	
296.493008	703.506688	
296.496708	703.502940	
296.497385	703.501591	
296.499155	703.500541	
296.500503	703.499193	
304.368356	695.631292	
304.369032	695.629944	
304.371023	695.628673	
304.372371	695.627325	
307.048865	692.950287	
307.059409	692.940239	
307.060085	692.939099	
307.062128	692.937568	
307.063268	692.936428	
307.064222	692.935426	
307.064898	692.934078	
307.066909	692.932787	
307.068257	692.931439	
307.068995	692.930157	
307.070518	692.928634	
311.019791	688.979857	
311.020467	688.978509	
311.022378	688.977318	
311.023726	688.975970	
320.896121	679.103031	
320.903340	679.096308	
320.904017	679.095167	
320.905467	679.093685	
320.906947	679.092749	
320.908088	679.091608	
320.908802	679.090846	
320.909478	679.089498	
320.911468	679.088228	
320.912817	679.086879	
320.913675	679.085477	
322.763850	677.235302	
322.771347	677.228301	
322.772023	677.227161	
322.774026	677.225670	
322.775166	677.224530	
322.775760	677.223888	
322.776437	677.222539	
322.778327	677.221369	
322.779675	677.220021	
322.780714	677.218438	
322.782536	677.216616	
331.013019	668.986629	
331.013695	668.985281	
331.015725	668.983971	
331.017074	668.982622	
332.792697	667.206455	
332.796493	667.203155	
332.797169	667.202015	
332.798831	667.200865	
332.799972	667.199724	
332.800926	667.198722	
332.801602	667.197374	
332.803433	667.196263	
332.804781	667.194915	
332.805739	667.193413	
332.807042	667.192110	
342.209564	657.790084	
342.210240	657.788736	
342.212291	657.787405	
342.213639	657.786057	
344.361911	655.637241	
344.365224	655.634424	
344.365901	655.633283	
344.367823	655.631873	
344.368964	655.630732	
344.369818	655.629830	
344.370494	655.628482	
344.371972	655.627180	
344.373753	655.625943	
344.375101	655.624595	
344.375899	655.623253	
349.742261	650.257387	
349.742938	650.256038	
349.745248	650.254448	
349.746597	650.253099	
355.450604	644.548548	
355.461385	644.538263	
355.462061	644.537123	
355.463943	644.535753	
355.465084	644.534612	
355.465718	644.533930	
355.466394	644.532582	
355.468305	644.531391	
355.469653	644.530043	
355.470711	644.528441	
355.472014	644.527138	
359.263279	640.736369	
359.263955	640.735021	
359.266126	640.733570	
359.267474	640.732222	
370.429676	629.569476	
370.441213	629.558435	
370.441889	629.557295	
370.443472	629.556224	
370.444612	629.555084	
370.445146	629.554502	
370.445823	629.553153	
370.447873	629.551823	
370.449221	629.550475	
370.450180	629.548972	
370.451782	629.547370	
373.341173	626.657979	
373.352277	626.647371	
373.352953	626.646231	
373.354976	626.644720	
373.356116	626.643580	
373.356670	626.642978	
373.357346	626.641630	
373.359157	626.640539	
373.360505	626.639191	
373.361363	626.637789	
373.362846	626.636306	
378.344469	621.655179	
378.345145	621.653831	
378.347215	621.652481	
378.348564	621.651132	
385.102243	614.896909	
385.109732	614.889916	
385.110409	614.888775	
385.112231	614.887465	
385.113371	614.886325	
385.113925	614.885723	
385.114602	614.884374	
385.116432	614.883264	
385.117781	614.881915	
385.118619	614.880533	
385.120281	614.878871	
387.351422	612.648226	
387.352098	612.646878	
387.353968	612.645728	
387.355317	612.644379	
395.319017	604.680631	
395.319693	604.679283	
395.321903	604.677793	
395.323252	604.676444	
396.264078	603.735570	
396.264755	603.734221	
396.266985	603.732711	
396.268333	603.731363	
407.149050	592.850102	
407.157467	592.842181	
407.158144	592.841040	
407.160226	592.839470	
407.161367	592.838329	
407.162041	592.837607	
407.162717	592.836259	
407.164707	592.834989	
407.166056	592.833640	
407.166814	592.832338	
407.168456	592.830696	
408.034751	591.964401	
408.046286	591.953362	
408.046962	591.952222	
408.048272	591.950880	
408.050013	591.949683	
408.051153	591.948543	
408.051607	591.948041	
408.052283	591.946693	
408.054102	591.945050	
408.055422	591.944274	
408.056770	591.942926	
414.720864	585.278784	
414.721541	585.277435	
414.723391	585.276305	
414.724739	585.274957	
415.428730	584.570918	
415.429406	584.569570	
415.431237	584.568459	
415.432585	584.567111	
423.141390	576.858258	
423.142066	576.856910	
423.143897	576.855799	
423.145245	576.854451	
423.958535	576.041113	
423.959211	576.039765	
423.961482	576.038214	
423.962830	576.036866	
433.689806	566.309842	
433.690483	566.308493	
433.692733	566.306963	
433.694081	566.305615	
435.446136	564.553016	
435.449391	564.550257	
435.450068	564.549116	
435.451670	564.548026	
435.452810	564.546886	
435.453284	564.546364	
435.453961	564.545015	
435.456191	564.543505	
435.457540	564.542156	
435.458358	564.540794	
435.460040	564.539112	
444.722602	555.276550	
444.731652	555.267996	
444.732328	555.266856	
444.734190	555.265506	
444.735331	555.264365	
444.735925	555.263723	
444.736601	555.262375	
444.738058	555.261094	
444.739459	555.260237	
444.740807	555.258889	
444.741605	555.257547	
447.665401	552.333751	
447.669422	552.330226	
447.670098	552.329086	
447.671801	552.327895	
447.672941	552.326755	
447.673855	552.325793	
447.674531	552.324445	
447.676662	552.323034	
447.678010	552.321686	
447.678768	552.320384	
447.680231	552.318921	
450.858979	549.140669	
450.859655	549.139321	
450.861746	549.137950	
450.863094	549.136602	
458.809625	541.190023	
458.810301	541.188675	
458.812211	541.187485	
458.813560	541.186136	
460.203670	539.795482	
460.208335	539.791313	
460.209012	539.790172	
460.210794	539.788902	
460.211934	539.787762	
460.212708	539.786940	
460.213385	539.785591	
460.215155	539.784541	
460.216504	539.783192	
460.217446	539.781706	
460.218989	539.780163	
467.764801	532.234847	
467.765478	532.233498	
467.767248	532.232448	
467.768596	532.231100	
472.114934	527.884218	
472.120045	527.879603	
472.120721	527.878463	
472.122324	527.877372	
472.123464	527.876232	
472.124138	527.875510	
472.124815	527.874161	
472.126373	527.872779	
472.127773	527.871923	
472.129122	527.870574	
472.130280	527.868872	
480.393790	519.605858	
480.394466	519.604510	
480.396356	519.603340	
480.397705	519.601991	
480.605864	519.393288	
480.613707	519.385941	
480.614384	519.384800	
480.616066	519.383630	
480.617207	519.382489	
480.617925	519.381227	
480.619267	519.380381	
480.619944	519.379032	
480.622134	519.377562	
480.623482	519.376214	
480.624361	519.374791	
493.815626	506.183526	
493.826913	506.172735	
493.827589	506.171595	
493.829152	506.170544	
493.830292	506.169404	
493.830926	506.168722	
493.831602	506.167374	
493.833446	506.165706	
493.834746	506.164950	
493.836095	506.163601	
493.836833	506.162319	
494.087434	505.911718	
494.097498	505.902150	
494.098174	505.901010	
494.099736	505.899960	
494.100877	505.898819	
494.101731	505.897917	
494.102407	505.896569	
494.104418	505.895278	
494.105766	505.893930	
494.106564	505.892588	
494.108147	505.891005	
500.423655	499.575993	
500.424332	499.574644	
500.426362	499.573334	
500.427711	499.571985	
502.600210	497.399438	
502.600886	497.398090	
502.603157	497.396539	
502.604505	497.395191	
511.023998	488.975650	
511.024675	488.974301	
511.026805	488.972891	
511.028153	488.971543	
515.299154	484.699998	
515.307750	484.691898	
515.308426	484.690758	
515.309677	484.689475	
515.311277	484.688419	
515.312417	484.687279	
515.313171	484.686477	
515.313848	484.685128	
515.315738	484.683958	
515.317087	484.682609	
515.318225	484.680927	
517.440948	482.558700	
517.441625	482.557351	
517.443715	482.555981	
517.445063	482.554633	
525.244269	474.755379	
525.244945	474.754031	
525.246895	474.752801	
525.248244	474.751452	
529.201012	470.798140	
529.203758	470.795890	
529.204435	470.794749	
529.206537	470.793159	
529.207677	470.792019	
529.208391	470.791257	
529.209068	470.789908	
529.210646	470.788506	
529.212307	470.787389	
529.213655	470.786041	
529.214873	470.784279	
535.143715	464.855933	
535.144391	464.854585	
535.146341	464.853355	
535.147690	464.852006	
539.702823	460.296329	
539.713910	460.285242	
539.715293	460.284355	
539.715969	460.283215	
539.718111	460.281585	
539.719252	460.280444	
539.719746	460.279902	
539.720422	460.278554	
539.722293	460.277403	
539.723641	460.276055	
539.724499	460.274653	
549.673318	450.325834	
549.683627	450.316021	
549.684303	450.314881	
549.685906	450.313790	
549.687046	450.312650	
549.687420	450.312228	
549.688096	450.310880	
549.689841	450.309311	
549.691321	450.308375	
549.692669	450.307027	
549.693508	450.305644	
551.066061	448.933091	
551.076134	448.923514	
551.076811	448.922373	
551.078893	448.920803	
551.080034	448.919662	
551.080788	448.918860	
551.081464	448.917512	
551.083214	448.916482	
551.084563	448.915133	
551.085721	448.913431	
551.087104	448.912048	
559.060471	440.939177	
559.061147	440.937829	
559.063297	440.936399	
559.064646	440.935050	
564.528047	435.471105	
564.535806	435.463842	
564.536483	435.462701	
564.538065	435.461631	
564.539205	435.460491	
564.539719	435.459929	
564.540396	435.458580	
564.542154	435.456998	
564.543594	435.456102	
564.544943	435.454753	
564.545941	435.453211	
568.631091	431.368557	
568.631767	431.367209	
568.633717	431.365979	
568.635066	431.364630	
575.307633	424.692015	
575.308309	424.690667	
575.310180	424.689516	
575.311528	424.688168	
575.697636	424.301516	
575.705593	424.294055	
575.706270	424.292914	
575.707972	424.291724	
575.709113	424.290583	
575.709767	424.289881	
575.710443	424.288533	
575.712313	424.287383	
575.713662	424.286034	
575.714520	424.284632	
575.715802	424.283350	
584.039231	415.960417	
584.039907	415.959069	
584.041797	415.957899	
584.043146	415.956550	
589.747325	410.251827	
589.751147	410.248501	
589.751823	410.247361	
589.753406	410.246290	
589.754546	410.245150	
589.755200	410.244448	
589.755877	410.243099	
589.757675	410.241477	
589.759095	410.240601	
589.760444	410.239252	
589.761482	410.237670	
598.067938	401.931214	
598.072017	401.927631	
598.072694	401.926490	
598.074316	401.925380	
598.075456	401.924240	
598.076050	401.923598	
598.076727	401.922249	
598.078717	401.920979	
598.080065	401.919631	
598.080864	401.918288	
598.082286	401.916866	
599.112690	400.886958	
599.113367	400.885609	
599.115237	400.884459	
599.116586	400.883110	
605.332093	394.667555	
605.332769	394.666207	
605.334520	394.665176	
605.335868	394.663828	
611.116655	388.882497	
611.120574	388.879074	
611.121250	388.877934	
611.122912	388.876784	
611.124053	388.875643	
611.124847	388.874801	
611.125523	388.873453	
611.127381	388.871771	
611.128702	388.870994	
611.130050	388.869646	
611.130808	388.868344	
617.131449	382.867703	
617.143191	382.856457	
617.143867	382.855317	
617.145297	382.853855	
617.146618	382.853078	
617.147758	382.851938	
617.148272	382.851376	
617.148948	382.850028	
617.151099	382.848597	
617.152447	382.847249	
617.153626	382.845526	
617.469826	382.529822	
617.470502	382.528474	
617.472593	382.527103	
617.473941	382.525755	
625.922887	374.076761	
625.923564	374.075412	
625.925634	374.074062	
625.926983	374.072713	
628.493457	371.505695	
628.496265	371.503383	
628.496942	371.502242	
628.498644	371.501052	
628.499785	371.499911	
628.500643	371.498509	
628.501945	371.497703	
628.502622	371.496354	
628.504412	371.495284	
628.505760	371.493936	
628.506999	371.492153	
635.007088	364.992560	
635.007765	364.991211	
635.009755	364.989941	
635.011104	364.988592	
639.953391	360.045761	
639.957670	360.041978	
639.958346	360.040838	
639.959637	360.039515	
639.961237	360.038459	
639.962377	360.037319	
639.962811	360.036837	
639.963488	360.035488	
639.965558	360.034138	
639.966907	360.032789	
639.967665	360.031487	
644.166335	355.833313	
644.167012	355.831964	
644.169342	355.830354	
644.170690	355.829006	
