9.333000	990.664000	
10.056000	989.941000	
10.774000	989.223000	
11.497000	988.500000	
16.504001	983.492999	
17.227001	982.769999	
17.951001	982.045999	
18.652001	981.344999	
19.502201	980.496799	
20.076001	980.495225	
20.219201	980.351025	
20.793001	980.349452	
20.936201	980.205252	
21.000000	980.205188	
21.510001	980.203678	
21.653201	980.059478	
22.227001	980.057904	
22.370201	979.913704	
22.944001	979.912130	
23.087201	979.767930	
23.661001	979.766356	
23.694001	979.730356	
23.804201	979.622156	
24.378001	979.620582	
24.401001	979.594582	
24.521201	979.476382	
25.095001	979.474808	
25.111001	979.455808	
25.238201	979.330608	
25.812001	979.329035	
25.844001	979.294035	
25.955201	979.184835	
26.529001	979.183261	
26.672201	979.039061	
27.246001	979.037487	
27.389201	978.893287	
27.963001	978.891713	
28.106201	978.747513	
28.680001	978.745939	
28.823201	978.601739	
29.397001	978.600166	
29.540201	978.455966	
30.114001	978.454392	
30.257201	978.310192	
30.831001	978.308618	
30.849002	978.287618	
30.974202	978.164418	
31.000000	978.164392	
31.548002	978.162844	
31.569002	978.138844	
31.691202	978.018644	
32.265002	978.017070	
32.296002	977.983070	
32.408202	977.872870	
32.982002	977.871296	
33.005002	977.845296	
33.125202	977.727096	
33.699002	977.725522	
33.842202	977.581322	
34.416002	977.579749	
34.559202	977.435549	
35.133002	977.433975	
35.276202	977.289775	
35.850002	977.288201	
35.993202	977.144001	
36.567002	977.142427	
36.710202	976.998227	
37.284002	976.996653	
37.427202	976.852453	
38.001002	976.850880	
38.024002	976.824879	
38.144202	976.706679	
38.718002	976.705105	
38.747002	976.673105	
38.861202	976.560905	
39.435002	976.559332	
39.454002	976.537332	
39.578202	976.415132	
40.152002	976.413558	
40.162002	976.400558	
40.295202	976.269358	
40.869002	976.267784	
41.012202	976.123584	
41.586002	976.122010	
41.729202	975.977810	
42.303002	975.976236	
42.446202	975.832036	
43.020002	975.830463	
43.163202	975.686263	
43.737002	975.684689	
43.880202	975.540489	
44.454002	975.538915	
44.597202	975.394715	
45.171002	975.393141	
45.186002	975.375141	
45.314202	975.248941	
45.888002	975.247367	
45.910002	975.222367	
46.031202	975.103167	
46.605002	975.101593	
46.640002	975.063593	
46.748202	974.957393	
47.322002	974.955819	
47.334002	974.940819	
47.465202	974.811619	
48.039002	974.810046	
48.182202	974.665846	
48.756002	974.664272	
48.899202	974.520072	
49.473002	974.518498	
49.616202	974.374298	
50.190002	974.372724	
50.285203	974.234524	
50.333202	974.228524	
50.907002	974.226950	
51.050202	974.082750	
51.624002	974.081177	
51.709203	973.952976	
51.767202	973.936977	
52.341002	973.935403	
52.353003	973.920402	
52.484203	973.791202	
53.058003	973.789629	
53.085003	973.759629	
53.139203	973.665429	
53.201203	973.645429	
53.775003	973.643855	
53.790003	973.625855	
53.844203	973.531655	
53.918203	973.499655	
54.492003	973.498081	
54.523003	973.464081	
54.635203	973.353881	
55.209003	973.352307	
55.284203	973.234107	
55.352203	973.208107	
55.926003	973.206534	
55.996203	973.093333	
56.069203	973.062334	
56.643003	973.060760	
56.715203	972.945559	
56.786203	972.916560	
57.360003	972.914986	
57.447203	972.784786	
57.503203	972.770786	
58.077003	972.769212	
58.156203	972.647012	
58.220203	972.625012	
58.794003	972.623438	
58.863203	972.511238	
58.937203	972.479238	
59.511003	972.477665	
59.549003	972.436664	
59.602203	972.375464	
59.656204	972.321463	
60.245003	971.740664	
60.371203	971.616464	
60.945003	971.614890	
60.955003	971.601890	
61.088203	971.470690	
61.662003	971.469117	
61.694003	971.434117	
61.764203	971.323917	
62.522203	970.607917	
63.096003	970.606343	
63.170203	970.489142	
63.239203	970.462143	
63.813003	970.460569	
63.890203	970.340369	
63.956203	970.316369	
64.530003	970.314795	
64.600203	970.201595	
64.673203	970.170595	
65.247003	970.169021	
65.319203	970.085821	
65.341204	970.031821	
66.029203	969.343821	
66.107203	969.307821	
66.681003	969.306248	
66.721003	969.263247	
66.824203	969.162047	
67.398003	969.160473	
67.411003	969.144473	
67.504204	969.043273	
67.558204	968.989273	
68.142003	968.413473	
68.258203	968.299273	
68.832003	968.297700	
68.844003	968.282700	
69.692203	967.436500	
70.266003	967.434926	
70.352204	967.337725	
70.374204	967.283725	
71.063204	966.626725	
71.085204	966.572725	
71.786204	965.871725	
71.843203	965.856726	
72.417003	965.855152	
72.503204	965.757952	
72.557204	965.703951	
73.207204	965.021952	
73.277203	964.993952	
73.851003	964.992378	
73.877004	964.963378	
73.944204	964.856178	
73.994204	964.848178	
74.568004	964.846604	
74.600004	964.811604	
74.684204	964.719404	
74.738205	964.665403	
75.309004	964.102604	
75.390204	964.013404	
75.412204	963.959404	
76.042004	963.369604	
76.096204	963.307404	
76.150205	963.253403	
76.795204	962.608404	
76.817205	962.554403	
77.519204	961.852404	
77.579204	961.834404	
78.153004	961.832830	
78.296204	961.688630	
78.870004	961.687056	
78.939204	961.574856	
79.013204	961.542856	
79.587004	961.541283	
79.659204	961.426082	
79.730204	961.397083	
80.304004	961.395509	
80.402204	961.254308	
80.447204	961.251309	
81.000000	961.250756	
81.021004	961.249735	
81.037004	961.230735	
81.132205	961.127534	
81.186205	961.073534	
81.771004	960.496735	
81.842204	960.385535	
82.474004	959.793735	
82.598204	959.671535	
83.172004	959.669961	
83.200004	959.638961	
83.270204	959.560761	
83.292205	959.506760	
84.032204	958.808761	
84.606004	958.807187	
84.688205	958.681987	
84.749204	958.662987	
85.323004	958.661413	
85.420205	958.553213	
85.442205	958.499212	
86.183204	957.800213	
86.757004	957.798639	
86.858205	957.654439	
87.558205	956.954439	
87.617204	956.937439	
88.191004	956.935866	
88.205005	956.918865	
88.257205	956.826665	
88.334205	956.791665	
88.908005	956.790091	
88.928005	956.767091	
89.051205	956.645891	
89.625005	956.644318	
89.649005	956.617318	
89.708205	956.518118	
89.768205	956.500118	
90.342005	956.498544	
90.374005	956.463544	
90.419205	956.378344	
90.485205	956.354344	
91.000000	956.353829	
91.059005	956.352770	
91.202205	956.208570	
91.776005	956.206996	
91.919205	956.062796	
92.493005	956.061222	
92.561205	955.950022	
92.636205	955.917022	
93.210005	955.915449	
93.284205	955.830248	
93.306205	955.776248	
94.070205	955.054249	
94.644005	955.052675	
94.710205	954.975474	
94.732205	954.921474	
94.787205	954.908475	
95.361005	954.906901	
95.382005	954.882901	
95.504205	954.762701	
96.078005	954.761127	
96.093005	954.743127	
96.221205	954.616927	
96.795005	954.615353	
96.831005	954.576353	
96.893205	954.474153	
96.938205	954.471153	
97.512005	954.469579	
97.542005	954.436579	
97.619205	954.319379	
98.372205	953.608379	
98.946005	953.606805	
99.030205	953.511605	
99.052206	953.457605	
99.742205	952.767605	
99.806205	952.745605	
100.380005	952.744032	
100.523205	952.599832	
101.000000	952.599355	
101.097005	952.598258	
101.884205	951.768057	
101.957205	951.737058	
102.531005	951.735484	
102.560005	951.703484	
102.597205	951.626284	
102.674205	951.591284	
103.248005	951.589710	
103.272005	951.562710	
103.357205	951.437510	
103.994005	950.840710	
104.056205	950.738510	
104.108205	950.728510	
104.682005	950.726936	
104.694005	950.711936	
104.770205	950.627736	
104.792206	950.573736	
105.474206	949.891736	
105.542205	949.865736	
106.116005	949.864162	
106.183206	949.753962	
106.259205	949.719962	
106.833005	949.718388	
106.922206	949.586188	
106.976205	949.574188	
107.550005	949.572615	
107.693205	949.428415	
108.267005	949.426841	
108.332206	949.318640	
108.410205	949.282641	
108.984005	949.281067	
109.055206	949.166867	
109.127205	949.136867	
109.701005	949.135293	
109.711006	949.122293	
109.844206	948.991093	
110.418006	948.989519	
110.437006	948.967519	
111.157006	948.247519	
111.247206	948.149319	
111.269206	948.095319	
111.866006	947.538519	
111.922206	947.442319	
111.995206	947.411319	
112.569006	947.409745	
112.644206	947.291545	
112.712206	947.265545	
113.286006	947.263972	
113.372206	947.134771	
113.429206	947.119772	
114.003006	947.118198	
114.083206	946.994997	
114.146206	946.973998	
114.720006	946.972424	
114.805206	946.876223	
114.827207	946.822223	
115.503206	946.146224	
115.580206	946.111224	
116.154006	946.109650	
116.253206	945.967450	
116.297206	945.965450	
116.871006	945.963876	
116.898006	945.933876	
116.985206	945.838676	
117.039207	945.784675	
117.598006	945.233876	
117.675206	945.148676	
117.697206	945.094676	
118.328006	944.503876	
118.448206	944.385676	
119.022006	944.384102	
119.043006	944.360102	
119.102206	944.292902	
119.156207	944.238901	
119.811206	943.551902	
119.882206	943.522902	
120.456006	943.521328	
120.524206	943.410128	
120.599206	943.377128	
121.000000	943.376728	
121.173006	943.375555	
121.261206	943.244354	
121.316206	943.231355	
121.890006	943.229781	
121.958206	943.118580	
122.033206	943.085581	
122.607006	943.084007	
122.693206	942.954807	
122.750206	942.939807	
123.324006	942.938233	
123.393206	942.826033	
123.467206	942.794033	
124.041006	942.792459	
124.060006	942.770459	
124.125207	942.697259	
124.179207	942.643258	
124.768006	942.062459	
124.854207	941.968259	
124.908207	941.914258	
125.505006	941.325459	
125.618206	941.214259	
126.192006	941.212685	
126.223006	941.178685	
126.281207	941.112485	
126.335207	941.058484	
127.052206	940.351485	
127.626006	940.349911	
127.702207	940.230711	
127.769206	940.205711	
128.343006	940.204138	
128.426207	940.109937	
128.448207	940.055937	
129.128207	939.375937	
129.203206	939.342938	
129.777006	939.341364	
129.847207	939.228163	
129.920206	939.197164	
130.494006	939.195590	
130.584207	939.094390	
130.606207	939.040389	
131.229007	938.457590	
131.283207	938.363390	
131.354207	938.334390	
131.928007	938.332816	
131.946007	938.311816	
131.999207	938.218616	
132.071207	938.188616	
132.645007	938.187042	
132.675007	938.154042	
132.788207	938.042842	
133.362007	938.041268	
133.402007	937.998268	
133.505207	937.897068	
134.079007	937.895494	
134.158207	937.773294	
134.222207	937.751294	
134.796007	937.749721	
134.861207	937.641520	
134.939207	937.605521	
135.513007	937.603947	
135.604207	937.501746	
135.626208	937.447746	
136.373207	936.742747	
136.947007	936.741173	
137.024207	936.620973	
137.090207	936.596973	
137.664007	936.595399	
137.731207	936.517199	
137.753208	936.463198	
138.409007	935.847399	
138.505208	935.743198	
138.559208	935.689198	
139.109007	935.147399	
139.195207	935.021199	
139.241207	935.017199	
139.815007	935.015625	
139.843007	934.984625	
139.922208	934.897425	
139.976208	934.843424	
140.562007	934.265625	
140.675207	934.154425	
141.000000	934.154100	
141.249007	934.152851	
141.316208	934.074651	
141.338208	934.020650	
142.041208	933.317651	
142.109207	933.291651	
142.683007	933.290077	
142.748208	933.181877	
142.826207	933.145877	
143.400007	933.144304	
143.482208	933.019103	
143.543207	933.000104	
144.117007	932.998530	
144.183208	932.921329	
144.205208	932.867329	
144.260207	932.854330	
144.834007	932.852756	
144.977207	932.708556	
145.551007	932.706982	
145.573008	932.681982	
145.643208	932.603781	
145.697208	932.549781	
146.293008	931.961982	
146.379208	931.835782	
147.019008	931.235982	
147.114208	931.132781	
147.168208	931.078781	
147.721008	930.533982	
147.798208	930.416782	
147.845208	930.411782	
148.419008	930.410208	
148.492208	930.326008	
148.514208	930.272007	
149.202208	929.616008	
149.202208	929.584008	
149.924208	928.894008	
149.946208	928.840007	
150.643208	928.175008	
150.665208	928.121007	
151.355208	927.431008	
151.430208	927.398008	
152.004008	927.396434	
152.089208	927.300234	
152.111208	927.246233	
152.761008	926.636434	
152.807208	926.582234	
152.829208	926.528233	
153.453008	925.944434	
153.503208	925.886234	
153.525208	925.832233	
153.581208	925.818234	
154.155008	925.816660	
154.178008	925.790660	
154.244208	925.716460	
154.298209	925.662459	
154.901008	925.067660	
154.957208	924.971460	
155.015208	924.955460	
155.589008	924.953886	
155.732208	924.809686	
156.306008	924.808112	
156.373208	924.697912	
156.449208	924.663912	
157.023008	924.662339	
157.119208	924.555138	
157.141209	924.501138	
157.828208	923.846138	
157.882209	923.792138	
158.532208	923.142138	
158.554209	923.088138	
159.246208	922.428138	
159.268209	922.374138	
159.929008	921.753338	
160.027209	921.647138	
160.081209	921.593137	
160.633008	921.049338	
160.700209	920.974138	
160.754209	920.920138	
161.362008	920.320338	
162.072008	919.610338	
162.136208	919.506138	
162.185208	919.499138	
162.759008	919.497564	
162.827209	919.386364	
162.902208	919.353364	
163.476008	919.351791	
163.550209	919.234590	
163.619208	919.207591	
164.193008	919.206017	
164.294209	919.093816	
164.316209	919.039816	
165.018209	918.369816	
165.072209	918.315816	
165.705209	917.650816	
165.770208	917.627817	
166.344008	917.626243	
166.487208	917.482043	
167.061008	917.480469	
167.084009	917.454469	
167.144209	917.354269	
167.204209	917.336269	
167.778009	917.334695	
167.803009	917.306695	
167.873209	917.228495	
167.895209	917.174495	
168.530009	916.579695	
169.224009	915.885695	
169.355209	915.756495	
169.929009	915.754921	
169.996209	915.676721	
170.018209	915.622721	
171.465209	914.207721	
171.519210	914.153720	
172.161209	913.479721	
172.879209	912.793721	
172.901210	912.739720	
173.596209	912.076721	
173.596209	912.044721	
174.257009	911.423921	
174.324209	911.348721	
174.346210	911.294720	
174.985009	910.695921	
175.016209	910.624721	
175.700009	909.980921	
176.400009	909.280921	
176.499210	909.173720	
176.553210	909.119720	
177.195209	908.477721	
177.217210	908.423720	
177.903210	907.769720	
177.925210	907.715720	
178.613210	907.027720	
178.676209	907.006721	
179.250009	907.005147	
179.324209	906.887947	
179.393209	906.860947	
179.967009	906.859373	
180.110209	906.715173	
180.684009	906.713600	
180.763209	906.623399	
180.785210	906.569399	
181.435010	905.959599	
181.485210	905.901399	
181.539210	905.847398	
182.145009	905.249599	
182.207209	905.147399	
182.261209	905.135399	
182.835009	905.133825	
182.859010	905.106825	
182.941210	905.016625	
182.995210	904.962624	
183.573009	904.392825	
183.671210	904.286625	
183.725210	904.232624	
184.335210	903.622625	
184.357210	903.568624	
184.412209	903.555625	
184.986009	903.554052	
185.074210	903.454851	
185.128210	903.400851	
185.801210	902.727851	
185.855210	902.673851	
186.487210	902.041851	
186.509210	901.987851	
187.223210	901.305851	
187.277210	901.251851	
187.997209	900.541852	
188.571009	900.540278	
188.609010	900.499277	
188.638210	900.462077	
188.660210	900.408077	
189.310010	899.798277	
189.367210	899.733077	
189.389210	899.679077	
190.017010	899.091277	
190.130210	898.970077	
190.184211	898.916077	
190.741010	898.367277	
191.510210	897.558077	
191.582210	897.528077	
192.156010	897.526504	
192.259210	897.412303	
192.281211	897.358303	
192.983210	896.688303	
193.037211	896.634303	
194.384210	895.287303	
194.438211	895.233303	
194.450210	895.231304	
195.024010	895.229730	
195.090210	895.152529	
195.112211	895.098529	
195.167210	895.085530	
195.741010	895.083956	
195.760010	895.061956	
195.848211	894.965755	
195.902211	894.911755	
196.494010	894.327956	
196.595211	894.218755	
196.649211	894.164755	
197.206010	893.615956	
197.260211	893.553755	
197.314211	893.499755	
197.927010	892.894956	
197.987211	892.826755	
198.041211	892.772755	
198.674211	892.107755	
198.752210	892.071756	
199.326010	892.070182	
199.402211	891.982981	
199.424211	891.928981	
200.108211	891.276981	
200.130211	891.222981	
200.186210	891.208982	
200.760010	891.207408	
200.836211	891.120208	
200.890211	891.066207	
200.903210	891.063208	
201.000000	891.063111	
201.477010	891.061634	
201.560211	890.935434	
201.620210	890.917434	
202.194010	890.915860	
202.281211	890.817660	
202.335211	890.763660	
202.932011	890.174860	
203.020211	890.078660	
203.074211	890.024659	
203.656011	889.450860	
203.756211	889.342660	
203.810211	889.288659	
204.367011	888.739860	
204.422211	888.676660	
204.476211	888.622659	
204.488211	888.620660	
205.062011	888.619086	
205.087011	888.591086	
205.171211	888.498886	
205.225211	888.444885	
205.889211	887.748886	
206.573211	887.096886	
206.627211	887.042885	
206.639211	887.040886	
207.213011	887.039312	
208.025211	886.184112	
208.073211	886.178112	
208.647011	886.176539	
208.721211	886.059338	
208.790211	886.032339	
209.364011	886.030765	
209.432211	885.919564	
209.507211	885.886565	
210.081011	885.884991	
210.113011	885.849991	
210.835011	885.127991	
211.534011	884.428991	
211.637211	884.285791	
212.269011	883.693991	
212.326211	883.628791	
212.348211	883.574790	
213.016211	882.938790	
213.038212	882.884790	
213.750211	882.172790	
213.809211	882.155791	
214.383011	882.154217	
214.477211	882.049016	
214.531212	881.995016	
215.166211	881.328016	
215.243211	881.293017	
215.817011	881.291443	
215.888211	881.177243	
215.960211	881.147243	
216.534011	881.145669	
216.606211	881.030469	
216.677211	881.001469	
217.251011	880.999895	
217.283011	880.964895	
217.345211	880.894695	
217.367212	880.840695	
218.000011	880.247895	
218.091212	880.148695	
218.145212	880.094694	
218.725011	879.522895	
218.785212	879.454695	
218.839212	879.400694	
219.427011	878.820895	
219.533212	878.706695	
219.587212	878.652694	
220.218212	878.021695	
220.240212	877.967694	
220.933212	877.274695	
220.979211	877.270695	
221.000000	877.270674	
221.553011	877.269121	
221.680212	877.130921	
221.734212	877.076920	
222.383212	876.427921	
222.405212	876.373920	
223.062212	875.748921	
223.084212	875.694920	
223.795212	875.015921	
223.817212	874.961920	
224.443012	874.376121	
224.506212	874.304920	
224.560213	874.250920	
225.163012	873.656121	
225.270212	873.540920	
225.324212	873.486920	
225.869012	872.950121	
225.975212	872.835920	
226.029213	872.781920	
226.598012	872.221121	
226.715212	872.105921	
227.289012	872.104347	
227.384212	871.998147	
227.406213	871.944146	
228.086212	871.296147	
228.108213	871.242146	
228.806212	870.576147	
228.860212	870.522146	
229.519212	869.863147	
229.573212	869.809146	
230.258212	869.124147	
230.280212	869.070146	
231.003212	868.379147	
231.057213	868.325146	
231.610012	867.780347	
231.734212	867.658147	
232.308012	867.656573	
232.323012	867.638573	
232.451212	867.512373	
233.025012	867.510799	
233.062012	867.470799	
233.168212	867.366599	
233.742012	867.365025	
233.781012	867.323025	
233.885212	867.220825	
234.459012	867.219251	
234.602212	867.075051	
235.176012	867.073478	
235.319212	866.929278	
235.893012	866.927704	
236.036212	866.783504	
236.610012	866.781930	
236.753212	866.637730	
237.327012	866.636156	
237.399212	866.552956	
237.421213	866.498956	
238.174213	865.777956	
238.228213	865.723955	
238.779013	865.181156	
238.887213	865.032956	
239.507012	864.453156	
240.213013	863.747156	
240.296213	863.623956	
240.938012	863.022156	
241.002212	862.949956	
241.024213	862.895956	
241.704213	862.215956	
241.772212	862.189956	
242.346012	862.188382	
242.480213	862.043182	
242.534213	861.989181	
243.155213	861.368182	
243.177213	861.314181	
243.913213	860.610182	
243.967213	860.556181	
244.640212	859.893182	
245.214012	859.891608	
245.357212	859.747408	
245.931012	859.745835	
245.969013	859.704834	
246.074213	859.601634	
246.648013	859.600060	
246.665013	859.580060	
246.791213	859.455860	
247.365013	859.454287	
247.381013	859.435286	
247.508213	859.310086	
248.082013	859.308513	
248.116013	859.271513	
248.225213	859.164313	
248.799013	859.162739	
248.903213	859.015539	
249.659213	858.301539	
250.233013	858.299965	
250.304213	858.185765	
250.376213	858.155765	
250.950013	858.154191	
251.016213	858.044991	
251.093213	858.009991	
251.667013	858.008418	
251.752213	857.912217	
251.774214	857.858217	
252.504213	857.160217	
252.558214	857.106217	
253.125013	856.547417	
253.244213	856.430217	
253.818013	856.428643	
253.856013	856.387643	
253.961213	856.284443	
254.535013	856.282870	
254.573013	856.241870	
254.609213	856.197670	
254.631214	856.143669	
255.287013	855.527870	
255.395213	855.421670	
255.969013	855.420096	
256.070214	855.307895	
256.124214	855.253895	
256.752214	854.625895	
256.774214	854.571895	
256.829213	854.558896	
257.403013	854.557322	
257.495214	854.454122	
257.549214	854.400121	
258.191214	853.758122	
258.213214	853.704121	
258.957214	852.992122	
259.011214	852.938121	
259.697213	852.262122	
260.271013	852.260548	
260.285014	852.243548	
260.414214	852.116348	
260.988014	852.114774	
261.006014	852.093774	
261.131214	851.970574	
261.705014	851.969000	
261.732014	851.939000	
261.848214	851.824800	
262.422014	851.823226	
262.445014	851.797226	
262.565214	851.679026	
263.139014	851.677453	
263.218214	851.587252	
263.240214	851.533252	
263.999214	850.816253	
264.573014	850.814679	
264.669214	850.707478	
264.691214	850.653478	
265.409214	849.967478	
265.463214	849.913478	
266.150214	849.236479	
266.724014	849.234905	
266.867214	849.090705	
267.441014	849.089131	
267.463014	849.064131	
267.584214	848.944931	
268.158014	848.943357	
268.190014	848.908357	
268.301214	848.799157	
268.875014	848.797583	
268.888014	848.781583	
269.018214	848.653383	
269.592014	848.651809	
269.605014	848.635809	
269.735214	848.507609	
270.309014	848.506036	
270.385214	848.386835	
270.452214	848.361836	
271.000000	848.361288	
271.026014	848.360262	
271.169214	848.216062	
271.743014	848.214488	
271.818214	848.128288	
271.840215	848.074287	
272.540214	847.406288	
272.594215	847.352287	
273.281214	846.665288	
273.303215	846.611287	
273.968214	845.946288	
274.037214	845.919288	
274.611014	845.917714	
274.642014	845.883714	
274.737215	845.780513	
274.791215	845.726513	
275.359014	845.166714	
275.405214	845.112514	
275.427215	845.058513	
276.066014	844.459714	
276.772014	843.753714	
276.905214	843.622514	
277.479014	843.620940	
277.582215	843.474740	
278.339214	842.759740	
278.913014	842.758166	
279.056214	842.613966	
279.630014	842.612392	
279.773214	842.468192	
280.347014	842.466619	
280.465215	842.337418	
280.487215	842.283418	
281.171215	841.631418	
281.225215	841.577418	
281.804015	841.006618	
281.924215	840.888418	
282.498015	840.886844	
282.522015	840.859844	
282.641215	840.742644	
283.215015	840.741071	
283.247015	840.706071	
283.358215	840.596871	
283.932015	840.595297	
283.968015	840.556297	
284.075215	840.451097	
284.649015	840.449523	
284.792215	840.305323	
285.366015	840.303749	
285.509215	840.159549	
286.083015	840.157975	
286.151215	840.046775	
286.226215	840.013775	
286.800015	840.012202	
286.943215	839.868002	
287.517015	839.866428	
287.596215	839.744227	
287.660215	839.722228	
288.234015	839.720654	
288.320215	839.591454	
288.377215	839.576454	
288.951015	839.574880	
288.989015	839.533880	
289.094215	839.430680	
289.668015	839.429106	
289.682015	839.412106	
289.811215	839.284906	
290.385015	839.283332	
290.411015	839.254332	
290.478215	839.179132	
290.500216	839.125132	
291.127015	838.538332	
291.236216	838.421132	
291.290216	838.367132	
291.925216	837.732132	
291.947216	837.678131	
292.607216	837.050132	
292.629216	836.996132	
294.050216	835.607132	
294.104216	835.553131	
294.830215	834.837132	
295.404015	834.835558	
295.547215	834.691358	
296.121015	834.689785	
296.143016	834.664784	
296.264216	834.545584	
296.838016	834.544010	
296.872016	834.507010	
296.943216	834.427810	
296.965216	834.373810	
297.567016	833.812010	
297.650216	833.720810	
297.704216	833.666810	
298.294016	833.085010	
298.415216	832.965810	
298.989016	832.964237	
299.132216	832.820037	
299.706016	832.818463	
299.849216	832.674263	
300.423016	832.672689	
300.566216	832.528489	
301.000000	832.528055	
301.140016	832.526915	
301.283216	832.382715	
301.857016	832.381141	
302.000216	832.236941	
302.574016	832.235368	
302.717216	832.091168	
303.291016	832.089594	
303.303016	832.074593	
303.434216	831.945393	
304.008016	831.943820	
304.035016	831.913820	
304.101216	831.839620	
304.123216	831.785619	
304.750016	831.198820	
304.862216	831.078619	
304.916217	831.024619	
305.453016	830.495820	
305.585216	830.365620	
306.159016	830.364046	
306.245216	830.234845	
306.302216	830.219846	
306.876016	830.218272	
307.701216	829.350072	
308.429216	828.654072	
308.451217	828.600071	
309.107216	827.944072	
309.170216	827.923072	
309.744016	827.921498	
309.826216	827.828298	
309.848217	827.774298	
310.500016	827.162498	
310.599217	827.055297	
310.653217	827.001297	
311.195016	826.467498	
311.261217	826.393298	
311.315217	826.339297	
311.921016	825.741498	
312.038216	825.626298	
312.612016	825.624724	
312.635016	825.598724	
312.755216	825.480524	
313.329016	825.478950	
313.419217	825.377750	
313.441217	825.323750	
314.124217	824.672750	
314.178217	824.618750	
314.847217	823.949750	
314.869217	823.895750	
315.599217	823.197750	
315.653217	823.143750	
316.340216	822.466750	
316.914016	822.465177	
317.057216	822.320977	
317.631016	822.319403	
317.667017	822.280402	
317.774217	822.175202	
318.348017	822.173629	
318.376017	822.142629	
318.491217	822.029429	
319.065017	822.027855	
319.100017	821.989855	
319.208217	821.883655	
319.782017	821.882081	
319.795017	821.866081	
319.925217	821.737881	
320.499017	821.736307	
320.622217	821.570107	
321.359217	820.875107	
321.933017	820.873533	
321.999217	820.764333	
322.076217	820.729333	
322.650017	820.727760	
322.765217	820.601559	
322.787217	820.547559	
323.465217	819.869559	
323.510217	819.866560	
324.084017	819.864986	
324.211217	819.726785	
324.265217	819.672785	
324.825017	819.120985	
324.944217	819.003785	
325.518017	819.002212	
325.542017	818.975212	
325.643217	818.866012	
325.665217	818.812011	
326.254017	818.263212	
326.331217	818.178011	
326.385218	818.124011	
326.975017	817.542212	
327.095217	817.424012	
327.669017	817.422438	
327.757217	817.291237	
329.177217	815.871237	
329.898217	815.182237	
329.920218	815.128237	
330.616217	814.432237	
331.326217	813.754237	
331.348218	813.700237	
331.985017	813.103437	
332.063218	813.017237	
332.117218	812.963237	
332.705017	812.383437	
332.771218	812.309237	
332.825218	812.255237	
333.420017	811.668437	
334.151017	810.937437	
334.914218	810.166237	
334.936218	810.112237	
335.650218	809.430237	
335.704218	809.376237	
336.393218	808.687237	
336.415218	808.633237	
337.115218	807.965237	
337.169218	807.911237	
337.850217	807.240237	
338.424017	807.238664	
338.567217	807.094464	
339.141017	807.092890	
339.166018	807.064889	
339.284218	806.948689	
339.858018	806.947116	
339.880018	806.922116	
339.965218	806.828916	
339.987218	806.774915	
340.611018	806.191116	
340.669218	806.124915	
340.723219	806.070915	
341.305018	805.497116	
341.435218	805.368916	
342.009018	805.367342	
342.152218	805.223142	
342.726018	805.221568	
342.869218	805.077368	
343.443018	805.075794	
343.586218	804.931594	
344.160018	804.930020	
344.303218	804.785820	
344.877018	804.784247	
344.987218	804.663046	
345.009219	804.609046	
345.720218	803.930046	
345.774219	803.876046	
346.336018	803.322246	
346.454218	803.206046	
347.028018	803.204472	
347.060018	803.169472	
347.171218	803.060272	
347.745018	803.058699	
347.785018	803.015699	
347.888218	802.914499	
348.462018	802.912925	
348.497018	802.874925	
348.605218	802.768725	
349.179018	802.767151	
349.322218	802.622951	
349.896018	802.621377	
350.039218	802.477177	
350.613018	802.475603	
350.756218	802.331403	
351.000000	802.331160	
351.330018	802.329830	
351.473218	802.185630	
352.047018	802.184056	
352.190218	802.039856	
352.764018	802.038282	
352.907218	801.894082	
353.481018	801.892508	
353.505019	801.865508	
353.624219	801.748308	
354.198019	801.746734	
354.217019	801.724734	
354.341219	801.602534	
354.915019	801.600960	
354.955019	801.557960	
355.058219	801.456760	
355.632019	801.455186	
355.660019	801.424186	
355.775219	801.310986	
356.349019	801.309413	
356.434219	801.181212	
356.492219	801.165213	
357.066019	801.163639	
357.146219	801.040438	
357.209219	801.019439	
357.783019	801.017865	
357.926219	800.873665	
358.500019	800.872091	
358.576219	800.752891	
358.643219	800.727891	
359.217019	800.726317	
359.360219	800.582117	
359.934019	800.580544	
360.000219	800.471343	
360.077219	800.436344	
360.651019	800.434770	
360.686019	800.396769	
360.794219	800.290569	
361.000000	800.290364	
361.368019	800.288996	
361.406019	800.247996	
361.438219	800.175796	
361.511219	800.144796	
362.085019	800.143222	
362.115019	800.110222	
362.169219	800.048022	
362.191219	799.994021	
362.838019	799.387222	
362.885219	799.332022	
362.907219	799.278022	
363.636219	798.581022	
363.690220	798.527021	
364.313219	797.904021	
364.367220	797.850021	
364.379219	797.848022	
364.953019	797.846448	
365.030219	797.726248	
365.096219	797.702248	
365.670019	797.700674	
365.763219	797.596474	
365.785220	797.542474	
366.477219	796.882474	
366.499220	796.828473	
367.200219	796.159474	
367.222220	796.105474	
367.861019	795.506674	
367.964219	795.405474	
368.538019	795.403900	
368.564019	795.374900	
368.651220	795.279700	
368.705220	795.225699	
369.288019	794.650900	
369.348220	794.582700	
369.402220	794.528699	
370.008019	793.930900	
370.075220	793.855700	
370.129220	793.801699	
370.813220	793.117700	
370.835220	793.063699	
371.538220	792.392700	
371.592220	792.338699	
372.266219	791.674700	
372.840019	791.673126	
372.983219	791.528926	
373.557019	791.527353	
373.700219	791.383153	
374.274019	791.381579	
374.417219	791.237379	
374.991019	791.235805	
375.016020	791.207804	
375.134220	791.091604	
375.708020	791.090031	
375.718020	791.077031	
375.831220	790.923831	
376.457020	790.338031	
377.155020	789.640031	
377.248220	789.506831	
377.947220	788.839830	
377.969220	788.785830	
378.683220	788.103830	
378.737220	788.049830	
379.371220	787.415830	
379.393220	787.361830	
380.086220	786.668830	
380.153220	786.643831	
380.727020	786.642257	
380.803220	786.555057	
380.857220	786.501056	
380.870220	786.498057	
381.000000	786.497927	
381.444020	786.496483	
381.570220	786.359283	
381.592220	786.305282	
382.179020	785.758483	
382.889020	785.048483	
383.005220	784.924283	
383.027220	784.870282	
383.623020	784.314483	
383.733220	784.196282	
383.787221	784.142282	
384.336020	783.601483	
384.455220	783.484283	
385.029020	783.482709	
385.172220	783.338509	
385.746020	783.336935	
385.889220	783.192735	
386.463020	783.191161	
386.606220	783.046961	
387.180020	783.045388	
387.323220	782.901188	
387.897020	782.899614	
388.040220	782.755414	
388.614020	782.753840	
388.757220	782.609640	
389.331020	782.608066	
389.366020	782.570066	
389.474220	782.463866	
390.048020	782.462292	
390.083020	782.424292	
390.191220	782.318092	
390.765020	782.316518	
390.792020	782.286518	
390.908220	782.172318	
391.000000	782.172226	
391.482020	782.170744	
391.505020	782.144744	
391.625220	782.026544	
392.199020	782.024971	
392.271221	781.909770	
392.342220	781.880771	
392.916020	781.879197	
392.994221	781.789996	
393.016221	781.735996	
394.424221	780.327996	
394.493220	780.300997	
395.067020	780.299423	
395.142221	780.181223	
395.210220	780.155223	
395.784020	780.153649	
395.867221	780.059449	
395.889221	780.005448	
396.531021	779.403649	
396.623221	779.303448	
396.677222	779.249448	
397.230021	778.704649	
397.350221	778.576448	
397.404222	778.522448	
397.962021	777.972649	
398.078221	777.858449	
398.652021	777.856875	
398.668021	777.837875	
398.795221	777.712675	
399.369021	777.711101	
399.457221	777.611901	
399.479222	777.557900	
400.198221	776.870901	
400.252222	776.816900	
400.946221	776.132901	
401.000000	776.132847	
401.520021	776.131327	
401.663221	775.987127	
402.237021	775.985554	
402.316221	775.863353	
402.380221	775.841354	
402.954021	775.839780	
403.097221	775.695580	
403.671021	775.694006	
403.684021	775.678006	
403.749221	775.572806	
403.814221	775.549806	
404.388021	775.548232	
404.421021	775.512232	
404.531221	775.404032	
405.105021	775.402458	
405.145021	775.359458	
405.176221	775.320258	
405.198222	775.266258	
405.836021	774.668458	
405.919221	774.545258	
405.965221	774.541258	
406.539021	774.539684	
406.654222	774.413484	
406.676222	774.359483	
407.379222	773.688484	
407.433222	773.634483	
408.053222	773.014484	
408.075222	772.960483	
408.767222	772.300484	
408.821222	772.246483	
408.833221	772.244484	
409.407021	772.242910	
409.472222	772.166710	
409.494222	772.112710	
409.550221	772.098710	
410.124021	772.097137	
410.248222	771.961936	
410.870022	771.348136	
410.938222	771.271936	
410.960222	771.217936	
411.591022	770.627136	
411.648222	770.561936	
411.702222	770.507935	
412.311022	769.907136	
412.381222	769.828936	
412.435222	769.774935	
413.023022	769.195136	
413.077222	769.132936	
413.131222	769.078935	
413.852222	768.367936	
414.426022	768.366362	
414.569222	768.222162	
415.143022	768.220589	
415.286222	768.076389	
415.860022	768.074815	
416.003222	767.930615	
416.577022	767.929041	
416.720222	767.784841	
417.294022	767.783267	
417.437222	767.639067	
418.011022	767.637493	
418.032022	767.613493	
418.154222	767.493293	
418.728022	767.491719	
418.755022	767.461719	
418.871222	767.347519	
419.445022	767.345945	
419.459022	767.328945	
419.588222	767.201745	
420.162022	767.200172	
420.201022	767.158172	
420.305222	767.055972	
420.879022	767.054398	
420.992222	766.898197	
421.703222	766.187197	
423.101222	764.789197	
423.173222	764.759198	
423.747022	764.757624	
423.890222	764.613424	
424.464022	764.611850	
424.530222	764.502650	
424.607222	764.467650	
425.181022	764.466076	
425.196022	764.448076	
425.324222	764.321876	
425.898022	764.320302	
425.925022	764.290302	
426.041222	764.176102	
426.615022	764.174528	
426.632022	764.154528	
426.706222	764.040328	
426.758222	764.030328	
427.332022	764.028755	
427.371022	763.986755	
427.426222	763.923555	
427.448223	763.869554	
428.128223	763.221554	
428.182223	763.167554	
428.859223	762.490554	
428.881223	762.436554	
429.563223	761.786554	
429.585223	761.732554	
430.265223	761.084554	
430.287223	761.030554	
430.343222	761.016555	
430.917022	761.014981	
430.983223	760.905781	
431.060222	760.870781	
431.634022	760.869207	
431.765223	760.727007	
431.819223	760.673006	
432.365023	760.135207	
432.488223	760.004006	
432.542223	759.950006	
433.099023	759.401207	
433.155223	759.305007	
433.211223	759.291007	
433.785023	759.289433	
433.811023	759.260433	
433.928223	759.145233	
434.502023	759.143659	
434.541023	759.101659	
434.645223	758.999459	
435.219023	758.997885	
435.341223	758.864685	
435.395223	758.810685	
436.027223	758.178685	
436.049223	758.124685	
436.732223	757.473685	
436.754223	757.419685	
437.486223	756.719685	
437.540224	756.665684	
438.222223	755.983685	
438.276224	755.929684	
438.947223	755.268685	
439.521023	755.267112	
439.557023	755.228111	
439.664223	755.122911	
440.238023	755.121337	
440.268023	755.088337	
440.362223	754.986137	
440.384223	754.932137	
440.984023	754.372337	
441.061224	754.287137	
441.115224	754.233136	
441.694023	753.662337	
441.815223	753.543137	
442.389023	753.541564	
442.532223	753.397364	
443.106023	753.395790	
443.249223	753.251590	
443.823023	753.250016	
443.903223	753.126816	
443.966223	753.105816	
444.540023	753.104242	
445.340223	752.293042	
445.362224	752.239041	
446.061223	751.540042	
446.117223	751.526042	
446.691023	751.524468	
446.726023	751.486468	
446.786224	751.418268	
446.840224	751.364267	
447.434023	750.778468	
447.481223	750.691268	
447.551223	750.663268	
448.125023	750.661694	
448.147023	750.636694	
448.268223	750.517494	
448.842023	750.515920	
448.875023	750.479920	
448.985223	750.371720	
449.559023	750.370147	
449.679224	750.238946	
449.679224	750.238946	
449.702223	750.225947	
450.276023	750.224373	
450.387224	750.102172	
450.409224	750.048172	
451.100224	749.389172	
451.122224	749.335172	
451.811224	748.678172	
451.833224	748.624172	
452.541224	747.948172	
452.595224	747.894172	
453.275224	747.214172	
453.329224	747.160172	
453.885024	746.612372	
453.926224	746.563172	
453.948224	746.509172	
454.004224	746.495172	
454.578024	746.493599	
454.597024	746.471599	
454.708224	746.352398	
454.762225	746.298398	
455.314024	745.754599	
455.416224	745.644398	
455.470225	745.590398	
456.046024	745.022599	
456.155224	744.915399	
456.729024	744.913825	
456.872224	744.769625	
457.446024	744.768051	
457.589224	744.623851	
458.163024	744.622277	
458.306224	744.478077	
458.880024	744.476503	
459.023224	744.332303	
459.597024	744.330730	
459.740224	744.186530	
460.314024	744.184956	
460.381224	744.074755	
460.457224	744.040756	
461.000000	744.040213	
461.031024	744.039182	
461.048024	744.019182	
461.759024	743.308182	
461.891224	743.177982	
462.465024	743.176408	
462.488024	743.150408	
462.564224	743.066208	
462.586225	743.012207	
463.201024	742.437408	
463.255224	742.343208	
463.325224	742.315208	
463.899024	742.313634	
463.984225	742.185434	
464.042224	742.169434	
464.616024	742.167860	
464.705225	742.067660	
464.727225	742.013659	
465.450225	741.322660	
465.504225	741.268659	
466.135225	740.637660	
466.157225	740.583659	
466.910224	739.872660	
467.484024	739.871086	
467.581225	739.762886	
467.635225	739.708886	
468.217025	739.135086	
468.344225	739.009886	
468.918025	739.008312	
468.931025	738.992312	
469.061225	738.864112	
469.635025	738.862538	
469.650025	738.844538	
469.778225	738.718338	
470.352025	738.716765	
470.368025	738.697765	
470.495225	738.572565	
471.000000	738.572060	
471.069025	738.570991	
471.155225	738.473790	
471.177225	738.419790	
471.901225	737.727790	
471.955225	737.673790	
472.646225	736.992791	
473.220025	736.991217	
473.363225	736.847017	
473.937025	736.845443	
474.080225	736.701243	
474.654025	736.699669	
474.797225	736.555469	
475.371025	736.553896	
475.405025	736.516895	
475.514225	736.409695	
476.088025	736.408121	
476.117025	736.376121	
476.231225	736.263921	
476.805025	736.262348	
476.842025	736.222348	
476.948225	736.118148	
477.522025	736.116574	
477.558025	736.077574	
477.665225	735.972374	
478.239025	735.970800	
478.354225	735.812600	
479.099225	735.109600	
479.673025	735.108026	
479.751225	734.986826	
479.816225	734.963826	
480.390025	734.962252	
480.473225	734.836052	
480.533225	734.818052	
481.000000	734.817586	
481.107025	734.816479	
481.213225	734.699278	
481.235226	734.645278	
481.951225	733.961278	
482.005226	733.907278	
482.578025	733.342478	
482.639225	733.273278	
482.661226	733.219278	
483.285025	732.635478	
483.342226	732.570278	
483.396226	732.516278	
483.992025	731.928478	
484.118225	731.804278	
484.692025	731.802704	
484.719025	731.772704	
484.835225	731.658504	
485.409025	731.656931	
485.480226	731.574730	
485.502226	731.520730	
486.209226	730.813730	
486.935226	730.119730	
486.989226	730.065730	
488.347226	728.675730	
489.085226	727.969730	
489.107226	727.915730	
489.745026	727.317930	
489.814226	727.208730	
490.441026	726.621930	
490.552226	726.502730	
490.606226	726.448730	
491.171026	725.891930	
491.899026	725.163930	
492.657226	724.397730	
492.679226	724.343730	
493.379226	723.675730	
493.401227	723.621729	
494.094226	722.960730	
494.148227	722.906729	
494.811226	722.243730	
494.865226	722.189730	
495.590226	721.474730	
496.164026	721.473156	
496.230226	721.395956	
496.252226	721.341956	
496.307226	721.328956	
496.881026	721.327383	
496.900026	721.305382	
496.974227	721.223182	
497.028227	721.169181	
497.624026	720.581382	
497.741226	720.466182	
498.315026	720.464609	
498.348026	720.428608	
498.458226	720.320408	
499.032026	720.318835	
499.069026	720.278835	
499.175226	720.174635	
499.749026	720.173061	
499.866227	720.044860	
499.888227	719.990860	
500.564226	719.346861	
500.618227	719.292860	
501.326226	718.594861	
501.900026	718.593287	
502.043226	718.449087	
502.617026	718.447513	
502.760226	718.303313	
503.334026	718.301740	
503.477226	718.157540	
504.051026	718.155966	
504.090027	718.113965	
504.194227	718.011765	
504.768027	718.010191	
504.788026	717.987192	
504.867226	717.899992	
504.889227	717.845991	
505.498026	717.277192	
505.620227	717.146991	
505.674227	717.092991	
506.222026	716.553192	
506.345226	716.431992	
506.919026	716.430418	
507.037227	716.269217	
508.427227	714.879217	
508.496226	714.852218	
509.070026	714.850644	
509.150227	714.727444	
509.213226	714.706444	
509.787026	714.704870	
509.892227	714.588670	
509.914227	714.534669	
510.608227	713.872670	
510.662227	713.818669	
511.239027	713.249870	
511.325227	713.155670	
511.347227	713.101669	
511.956027	712.532870	
512.005227	712.475670	
512.027227	712.421669	
512.676027	711.812870	
512.751227	711.729669	
512.805228	711.675669	
513.388027	711.100870	
513.487227	710.993669	
513.541228	710.939669	
514.232227	710.258670	
514.806027	710.257096	
514.949227	710.112896	
515.523027	710.111322	
515.666227	709.967122	
516.240027	709.965548	
516.383227	709.821348	
516.957027	709.819775	
517.059227	709.706574	
517.081228	709.652574	
517.764227	709.001574	
517.818228	708.947574	
518.417027	708.356774	
518.534227	708.241574	
519.108027	708.240000	
519.143027	708.202000	
519.251227	708.095800	
519.825027	708.094227	
519.851027	708.065227	
519.968227	707.950027	
520.542027	707.948453	
520.556027	707.931453	
520.685227	707.804253	
521.000000	707.803938	
521.259027	707.802679	
521.402227	707.658479	
521.976027	707.656905	
522.069228	707.520705	
522.119227	707.512705	
522.693027	707.511131	
523.522228	706.638931	
524.209228	705.951931	
524.270227	705.932931	
524.844027	705.931358	
524.917228	705.847157	
524.939228	705.793157	
525.580028	705.192357	
525.668228	705.096157	
525.722228	705.042156	
526.304028	704.468357	
526.400228	704.364157	
526.422228	704.310157	
527.008028	703.764357	
527.089228	703.675157	
527.143228	703.621156	
527.752028	703.020357	
527.855228	702.919157	
528.429028	702.917583	
528.545228	702.790383	
528.567228	702.736383	
529.289228	702.056383	
529.863028	702.054810	
530.006228	701.910610	
530.580028	701.909036	
530.723228	701.764836	
531.000000	701.764559	
531.297028	701.763262	
531.440228	701.619062	
532.014028	701.617488	
532.157228	701.473288	
532.731028	701.471714	
532.765028	701.434714	
532.874228	701.327514	
533.448028	701.325940	
533.483028	701.287940	
533.591228	701.181740	
534.165028	701.180166	
534.196028	701.146166	
534.308228	701.035966	
534.882028	701.034393	
534.904028	701.009393	
535.025228	700.890193	
535.599028	700.888619	
535.694228	700.750418	
535.742228	700.744419	
536.316028	700.742845	
537.110228	699.905645	
537.176228	699.881645	
537.750028	699.880071	
537.827228	699.759871	
537.893228	699.735871	
538.467028	699.734297	
538.537228	699.653097	
538.559229	699.599097	
539.327228	698.873097	
539.901028	698.871524	
539.930028	698.839523	
539.999229	698.762323	
540.053229	698.708322	
540.632028	698.137523	
540.710228	698.019323	
540.761228	698.010323	
541.000000	698.010084	
541.335028	698.008749	
541.374028	697.966749	
541.460228	697.872549	
541.482229	697.818549	
542.085028	697.255749	
542.195228	697.147549	
542.769028	697.145976	
542.850229	697.021775	
542.912228	697.001776	
543.486028	697.000202	
543.612229	696.863001	
543.666229	696.809001	
544.287229	696.188001	
544.309229	696.134001	
545.004229	695.439001	
545.063228	695.422002	
545.637028	695.420428	
545.739229	695.307228	
545.761229	695.253227	
546.422229	694.624228	
546.444229	694.570227	
547.101029	693.953428	
547.176229	693.870227	
547.230230	693.816227	
547.800029	693.254428	
547.884229	693.162227	
547.938230	693.108227	
548.517029	692.537428	
548.606229	692.440227	
548.660230	692.386227	
549.232029	691.822428	
549.365229	691.691228	
549.939029	691.689654	
550.007229	691.610453	
550.029230	691.556453	
550.755229	690.862453	
550.809229	690.808453	
551.439229	690.178453	
551.461230	690.124453	
551.516229	690.111454	
552.090029	690.109880	
552.169229	690.019680	
552.223229	689.965679	
552.904229	689.284680	
552.926229	689.230679	
553.642229	688.546680	
553.696230	688.492679	
554.269029	687.927880	
554.384229	687.814680	
554.958029	687.813106	
554.996029	687.772106	
555.101229	687.668906	
555.675029	687.667332	
555.702029	687.637332	
555.818229	687.523132	
556.392029	687.521558	
556.423029	687.487558	
556.535229	687.377358	
557.109029	687.375784	
557.252229	687.231584	
557.826029	687.230011	
557.897230	687.115810	
557.969229	687.085811	
558.543029	687.084237	
558.686229	686.940037	
559.260029	686.938463	
559.343230	686.812263	
559.403229	686.794263	
559.977029	686.792689	
560.080229	686.678489	
560.102230	686.624489	
560.763229	685.963489	
560.837229	685.931489	
561.000000	685.931327	
561.411029	685.929915	
561.442030	685.895915	
561.488230	685.841715	
561.542230	685.787714	
561.554230	685.785715	
562.128030	685.784141	
562.142029	685.767141	
562.271229	685.639941	
562.845029	685.638368	
562.875030	685.605367	
562.988230	685.494167	
563.562030	685.492594	
563.581029	685.470594	
563.705229	685.348394	
564.279029	685.346820	
564.361230	685.253620	
564.383230	685.199619	
565.123230	684.491620	
565.177230	684.437619	
565.801230	683.781620	
565.856229	683.768620	
566.430029	683.767046	
566.573229	683.622846	
567.147029	683.621272	
567.214230	683.511072	
567.290229	683.477072	
567.864029	683.475499	
567.951230	683.345298	
568.007229	683.331299	
568.581029	683.329725	
568.599030	683.308724	
568.724230	683.185524	
569.298030	683.183951	
569.330030	683.148951	
569.441230	683.039751	
570.015030	683.038177	
570.040030	683.010177	
570.111230	682.930977	
570.133230	682.876976	
570.753030	682.297177	
570.844230	682.197976	
570.898231	682.143976	
571.547230	681.494976	
571.569231	681.440976	
572.265230	680.776976	
572.287231	680.722976	
573.008230	680.033976	
573.062231	679.979976	
573.680230	679.361976	
573.734231	679.307976	
574.419230	678.622976	
574.441231	678.568976	
575.120230	677.921976	
575.174231	677.867976	
575.786030	677.264176	
575.894230	677.157976	
576.468030	677.156403	
576.500030	677.121403	
576.611230	677.012203	
577.185030	677.010629	
577.225030	676.967629	
577.328230	676.866429	
577.902030	676.864855	
577.925030	676.838855	
578.045230	676.720655	
578.619030	676.719081	
578.693231	676.633881	
578.715231	676.579880	
579.462231	675.864881	
579.516231	675.810880	
580.196230	675.140881	
580.770030	675.139307	
580.840231	675.026107	
580.913230	674.995107	
581.000000	674.995021	
581.487030	674.993534	
581.630230	674.849334	
582.204030	674.847760	
582.305231	674.703559	
582.940031	674.108759	
583.064231	673.986559	
583.638031	673.984986	
583.652031	673.967986	
583.781231	673.840786	
584.355031	673.839212	
584.382031	673.809212	
584.452231	673.699012	
584.498231	673.695012	
585.072031	673.693438	
585.083031	673.679438	
585.174231	673.580238	
585.196231	673.526238	
585.866231	672.888238	
585.888231	672.834237	
586.587231	672.167238	
586.641231	672.113237	
587.294231	671.460238	
587.316231	671.406237	
588.022231	670.732238	
588.076231	670.678237	
588.735231	670.019238	
588.789231	669.965237	
589.481231	669.273238	
589.503231	669.219237	
590.122031	668.640438	
590.214231	668.540237	
590.268232	668.486237	
590.834031	667.928438	
590.951231	667.813238	
591.000000	667.813189	
591.525031	667.811664	
591.558031	667.775664	
591.668231	667.667464	
592.242031	667.665890	
592.274031	667.630890	
592.385231	667.521690	
592.959031	667.520116	
593.102231	667.375916	
593.676031	667.374342	
593.819231	667.230142	
594.393031	667.228569	
594.536231	667.084369	
595.110031	667.082795	
595.253231	666.938595	
595.827031	666.937021	
595.970231	666.792821	
596.544031	666.791247	
596.687231	666.647047	
597.261031	666.645473	
597.278031	666.625473	
597.356231	666.539273	
597.378232	666.485273	
598.012031	665.891473	
598.071232	665.824273	
598.125232	665.770272	
598.708031	665.195473	
598.838231	665.067273	
599.412031	665.065699	
599.436031	665.038699	
599.555231	664.921499	
600.129031	664.919925	
600.237232	664.768725	
601.653232	663.384725	
601.675232	663.330725	
602.359232	662.678725	
602.413232	662.624725	
603.097232	661.908725	
603.784232	661.221725	
603.857231	661.190725	
604.431031	661.189152	
604.463032	661.154151	
604.574232	661.044951	
605.148032	661.043377	
605.176032	661.012377	
605.216232	660.964177	
605.238232	660.910177	
605.899032	660.289377	
606.000232	660.180177	
606.054233	660.126177	
606.604032	659.584377	
606.725232	659.465177	
607.299032	659.463604	
607.442232	659.319404	
608.016032	659.317830	
608.159232	659.173630	
608.733032	659.172056	
608.806232	659.087856	
608.828233	659.033855	
609.546232	658.347856	
609.600233	658.293855	
610.310232	657.593856	
610.884032	657.592282	
611.027232	657.448082	
611.601032	657.446508	
611.638032	657.406508	
611.744232	657.302308	
612.318032	657.300734	
612.350032	657.265734	
612.461232	657.156534	
613.035032	657.154960	
613.062032	657.124960	
613.178232	657.010760	
613.752032	657.009187	
613.765032	656.993187	
613.895232	656.864987	
614.469032	656.863413	
614.539233	656.750212	
614.612232	656.719213	
615.186032	656.717639	
615.329232	656.573439	
615.903032	656.571865	
615.976233	656.455665	
616.046232	656.427665	
616.620032	656.426091	
616.743233	656.291891	
616.743233	656.259891	
617.403233	655.631891	
617.425233	655.577891	
617.480232	655.564891	
618.054032	655.563318	
618.163233	655.443117	
618.185233	655.389117	
618.801033	654.813317	
618.886233	654.720117	
618.940233	654.666116	
619.510033	654.104317	
619.624233	653.982117	
619.678233	653.928116	
620.227033	653.387317	
620.348233	653.268117	
620.922033	653.266543	
620.935033	653.250543	
621.065233	653.122343	
621.639033	653.120770	
621.733233	653.015569	
621.755233	652.961569	
622.464233	652.284569	
622.518233	652.230569	
623.169233	651.579569	
623.191233	651.525569	
623.893233	650.855569	
623.947233	650.801569	
624.626233	650.122569	
624.648233	650.068569	
625.327233	649.421569	
625.381233	649.367569	
625.965033	648.791769	
626.084233	648.674569	
626.658033	648.672995	
626.672033	648.655996	
626.801233	648.528796	
627.375033	648.527222	
627.405033	648.494222	
627.518233	648.383022	
628.092033	648.381448	
628.111033	648.359448	
628.235233	648.237248	
628.809033	648.235674	
628.952233	648.091474	
629.526033	648.089900	
629.669233	647.945700	
630.243033	647.944127	
630.386233	647.799927	
630.960033	647.798353	
631.103233	647.654153	
631.677033	647.652579	
631.820233	647.508379	
632.394033	647.506805	
632.537233	647.362605	
633.111033	647.361031	
633.141033	647.328031	
633.254233	647.216831	
633.828033	647.215257	
633.845033	647.195257	
633.971233	647.071057	
634.545033	647.069483	
634.576033	647.035483	
634.688233	646.925283	
635.262033	646.923710	
635.285033	646.897710	
635.405233	646.779510	
635.979033	646.777936	
636.099234	646.614735	
637.501234	645.212735	
637.556233	645.199736	
638.130033	645.198162	
638.235234	645.049962	
638.961234	644.355962	
638.983234	644.301961	
639.658234	643.658962	
639.712234	643.604961	
640.297034	643.028162	
640.386234	642.898962	
641.017034	642.308162	
641.733034	641.592162	
641.815234	641.469962	
642.443034	640.882162	
642.529234	640.787962	
642.551234	640.733961	
643.227234	640.089961	
643.249234	640.035961	
643.964234	639.320961	
644.712234	638.604961	
644.766234	638.550961	
645.375234	637.941961	
645.397234	637.887961	
646.111234	637.205961	
646.165234	637.151961	
646.837234	636.479961	
646.859234	636.425961	
647.462034	635.863161	
647.531234	635.785961	
647.553234	635.731961	
648.183034	635.142161	
648.298234	635.018961	
648.352235	634.964960	
648.896034	634.429161	
648.967234	634.349961	
649.021235	634.295960	
649.613034	633.712161	
649.690234	633.626961	
649.744235	633.572960	
650.462234	632.864961	
651.000000	632.864423	
651.036034	632.863387	
651.179234	632.719187	
651.753034	632.717614	
651.896234	632.573414	
652.470034	632.571840	
652.613234	632.427640	
653.187034	632.426066	
653.330234	632.281866	
653.904034	632.280292	
654.047234	632.136092	
654.621034	632.134518	
654.647034	632.105518	
654.764234	631.990318	
655.338034	631.988744	
655.362034	631.961744	
655.481234	631.844544	
656.055034	631.842970	
656.072034	631.822970	
656.198234	631.698770	
656.772034	631.697197	
656.808034	631.658197	
656.915234	631.552997	
657.489034	631.551423	
657.632234	631.407223	
658.206034	631.405649	
658.349234	631.261449	
658.923034	631.259875	
659.066234	631.115675	
659.640034	631.114101	
659.783234	630.969901	
660.357034	630.968328	
660.500234	630.824128	
661.000000	630.823628	
661.074034	630.822554	
661.217234	630.678354	
661.791034	630.676780	
661.808035	630.656780	
661.934235	630.532580	
662.508035	630.531006	
662.538035	630.498006	
662.651235	630.386806	
663.225035	630.385232	
663.245035	630.362232	
663.368235	630.241032	
663.942035	630.239458	
663.961035	630.217458	
664.085235	630.095258	
664.659035	630.093684	
664.802235	629.949484	
665.376035	629.947911	
665.519235	629.803711	
666.093035	629.802137	
666.236235	629.657937	
666.810035	629.656363	
666.953235	629.512163	
667.527035	629.510589	
667.670235	629.366389	
668.244035	629.364815	
668.387235	629.220615	
668.961035	629.219042	
669.001035	629.176041	
669.104235	629.074841	
669.678035	629.073267	
669.706035	629.042267	
669.821235	628.929067	
670.395035	628.927494	
670.405035	628.914494	
670.538235	628.783294	
671.000000	628.782832	
671.112035	628.781720	
671.145035	628.745720	
671.255235	628.637520	
671.829035	628.635946	
671.972235	628.491746	
672.546035	628.490172	
672.689235	628.345972	
673.263035	628.344398	
673.406235	628.200198	
673.980035	628.198625	
674.123235	628.054425	
674.697035	628.052851	
674.840235	627.908651	
675.414035	627.907077	
675.557235	627.762877	
676.131035	627.761303	
676.144036	627.745303	
676.274236	627.617103	
676.848036	627.615529	
676.885036	627.575529	
676.991236	627.471329	
677.565036	627.469755	
677.596036	627.435755	
677.708236	627.325555	
678.282036	627.323981	
678.313036	627.289981	
678.425236	627.179781	
678.999036	627.178208	
679.142236	627.034008	
679.716036	627.032434	
679.859236	626.888234	
680.433036	626.886660	
680.576236	626.742460	
681.000000	626.742036	
681.150036	626.740886	
681.293236	626.596686	
681.867036	626.595112	
682.010236	626.450912	
682.584036	626.449339	
682.727236	626.305139	
683.301036	626.303565	
683.327036	626.274564	
683.444236	626.159364	
684.018036	626.157791	
684.047036	626.125791	
684.161236	626.013591	
684.735036	626.012017	
684.754036	625.990017	
684.878236	625.867817	
685.452036	625.866243	
685.472036	625.843243	
685.595236	625.722043	
686.169036	625.720469	
686.312236	625.576269	
686.886036	625.574695	
687.029236	625.430495	
687.603036	625.428922	
687.746236	625.284722	
688.320036	625.283148	
688.463236	625.138948	
689.037036	625.137374	
689.180236	624.993174	
689.754036	624.991600	
689.897236	624.847400	
690.471036	624.845826	
690.494036	624.819826	
690.614236	624.701626	
691.000000	624.701240	
691.188036	624.700052	
691.220036	624.665052	
691.331236	624.555852	
691.905036	624.554279	
691.938036	624.518278	
692.048236	624.410078	
692.622036	624.408505	
692.659036	624.368505	
692.765236	624.264305	
693.339036	624.262731	
693.482236	624.118531	
694.056036	624.116957	
694.199236	623.972757	
694.773036	623.971183	
694.916236	623.826983	
695.490036	623.825410	
695.633236	623.681210	
696.207036	623.679636	
696.350236	623.535436	
696.924036	623.533862	
697.067236	623.389662	
697.641036	623.388088	
697.671037	623.355088	
697.784237	623.243888	
698.358037	623.242314	
698.397037	623.200314	
698.501237	623.098114	
699.075037	623.096540	
699.099037	623.069540	
699.218237	622.952340	
699.792037	622.950766	
699.815037	622.924766	
699.935237	622.806566	
